1539
1540
1551
1554
1557
1559
1563
1059
1584
1076
1589
1078
1079
1597
1600
1612
1613
1107
1619
1620
1621
1622
1112
1623
1626
1117
1632
1124
1126
1639
107
1644
1652
1653
1146
1659
1149
1662
1663
1668
1689
1181
1184
1700
1707
1198
1717
1721
1211
1724
1730
1222
1735
1737
1746
1750
1752
1242
1245
1761
1250
1255
1768
1769
1774
1789
1791
1283
1795
1799
1800
1290
1804
1813
1305
1819
1821
1823
1827
1833
1835
1836
1327
1839
1329
1849
1339
1340
1341
1344
1352
1867
1877
1367
1881
1376
1377
1888
1891
1390
1391
1399
1416
1420
1431
921
1435
925
946
947
1471
980
1497
993
1509
1003
1004
1006
1518
1520
1522
1523
1017
