2563
2564
2059
2060
2574
2064
2579
2073
2074
2586
2077
2078
2590
2591
2593
2083
2084
2086
2088
2600
2090
2601
2602
2093
2604
2095
2607
2611
2104
2619
2108
2109
2623
2112
2624
2625
2115
2118
2630
2631
2122
2123
2638
2131
2139
2140
2142
2654
2655
2150
2164
2165
2172
2179
2188
2190
2200
2201
2206
2210
2212
2218
2220
2229
2233
2237
2240
2244
2261
2271
2275
2276
2278
2287
2290
2299
2309
2323
2324
2326
2329
2331
2340
2348
2352
2353
2363
2369
2370
2374
2381
2386
2391
2392
2395
2404
2409
2410
2414
2418
2423
1912
2428
1917
1918
2433
1925
1938
1941
1943
2460
2464
2469
1962
1963
2477
2484
2485
1979
2492
1983
1985
1986
2500
1993
2507
1997
2005
2520
2020
2532
2539
2030
2542
2543
2033
2546
2550
2551
2552
2553
2554
2043
2046
2559
