2560
2561
2564
2058
2059
2573
2574
2063
2064
2069
2073
2586
2078
2590
2083
2084
2086
2088
2552
2090
2600
2601
2093
2602
2095
2604
2607
2611
2103
2104
2615
2108
2625
2118
2630
2121
2123
2124
2131
2136
2139
2140
2142
2654
2150
2154
2172
2190
2200
2201
2206
2213
2216
2218
2229
2237
2240
2244
2253
2266
2271
2275
2276
2299
2307
2308
2309
2323
2324
2326
2329
2331
2334
2339
2340
2347
2348
2353
2356
2359
2363
2370
2374
2381
2386
2395
2404
2409
2410
2414
2423
1912
1917
1918
2429
2433
1929
1938
1943
1946
2460
2462
2464
2468
2469
1962
1966
2482
2484
1979
2492
1983
1984
1993
2507
1997
2520
2521
2526
2020
2030
2543
2033
2546
2549
2040
2554
2043
2556
2559
