3073
3078
3085
3096
3098
3104
3108
3117
3119
3135
3142
3149
3158
3163
3174
2664
2666
2669
3184
2673
2676
2679
2680
2681
3193
2683
3195
2689
3202
2694
2695
2698
3213
2705
2706
1684
3220
3226
3228
2717
3232
3234
3237
3238
2738
3250
2741
2743
2745
2746
2749
2750
2754
2755
2756
2757
2761
2763
3284
3286
2777
3293
2782
2786
3304
2800
2806
2810
3324
2815
2827
3339
2835
3348
3362
3363
2852
3364
2862
2864
2866
2867
2872
3387
2877
2880
2890
2896
3414
2905
2906
2907
2908
2909
2910
2911
2912
2913
3417
3426
2916
2919
2920
3433
2924
2925
2927
2928
2940
2943
2944
2945
2946
2948
2956
2960
2966
2967
2969
2974
2981
2985
2986
3000
3004
3022
3023
3025
3026
3029
3033
3040
3052
3054
3056
3064
3065
