2560
2561
2056
2059
2060
2573
2575
2578
2067
2579
2069
2073
2586
2078
2590
2083
2088
2600
2090
2601
2602
2606
2607
2098
2611
2103
2104
2615
2619
2108
2109
2556
2112
2624
2625
2118
2631
2123
2638
2131
2139
2140
2142
2164
2165
2172
2184
2188
2201
2206
2216
2218
2220
2229
2233
2240
2261
2266
2271
2275
2276
2288
2290
2299
2300
2309
2323
2324
2326
2331
2347
2348
2352
2353
2354
2356
2369
2374
2376
2381
2387
2391
2393
2395
2404
2407
2409
2410
2423
1912
2427
1917
1918
2429
2433
1925
2449
1938
1942
1943
2454
1946
2460
1952
2467
2468
2469
1962
1966
2482
2484
1979
1983
2495
1985
1986
2499
2500
1989
2504
1993
2506
2507
1997
2512
2520
2526
2020
2532
2030
2546
2037
2550
2551
2552
2553
2554
2044
2045
2046
2559
