2052
2053
2054
2567
2068
2582
2071
2072
2588
2592
2081
2594
2597
2598
2087
2599
1577
2608
2609
2102
2616
2617
2111
2117
2629
2125
2127
2128
2642
2643
2133
2134
2135
2137
2138
2653
2143
2144
2148
2149
2151
2169
2174
2176
2180
2183
136
2187
2191
2194
2196
2199
2203
2215
2223
2224
1718
2233
2241
2246
2247
2250
2254
2264
2267
2268
2273
2279
2282
2283
2289
2292
2293
2294
2302
2315
2319
2325
2327
2328
2332
2333
2336
2338
2343
2344
2347
2351
2372
2377
2384
2385
2396
2398
2419
2420
1912
1920
2434
1926
1932
2451
1940
1941
1945
1947
1948
2461
2463
2465
1954
2468
1959
2471
2472
2475
1970
1465
2491
2496
2498
1994
2508
2509
2510
2511
2002
2007
2010
2533
2026
2028
2543
2032
2547
2039
2042
2555
2047
