1032
1036
1550
1044
1060
1573
1576
1578
1067
1583
1587
1591
1081
1082
1595
1596
1611
1100
1102
1104
1108
1115
1628
1120
1635
1636
1638
1129
107
1647
1148
637
1661
1158
1680
1170
1691
1190
1192
1706
1715
1204
1716
1720
1215
1728
1732
1221
1227
1229
1742
1231
1235
1751
1764
1257
1261
1783
1273
1786
1277
1790
1282
1284
1286
1292
1298
1812
1303
1824
1315
1322
1324
1841
1850
1345
1857
1347
1859
1350
1862
1871
1872
1873
1875
1373
1379
1381
1893
1899
1903
1392
1396
1404
1413
902
1417
1423
1426
1432
1438
1448
1454
1459
1462
954
957
1475
1479
975
981
1495
984
988
989
1502
994
483
1515
1007
1009
1014
1015
1018
1019
1021
