1538
1028
1542
1551
1554
1047
1048
1559
1563
1056
1570
1580
1076
1589
1078
1092
1604
1608
1609
1610
1107
1622
1626
1117
1125
1126
1637
1639
107
1146
1659
1149
1662
1663
1665
1156
1669
1160
1675
1164
1683
1172
1173
1175
1689
1180
1184
1702
1191
1707
1199
1201
1205
1211
1214
1219
1222
1735
1736
1230
1753
1754
1243
1255
1768
1772
1774
1793
1799
1800
1289
1804
1810
1811
1813
1305
1827
1321
1323
1835
1327
1839
1330
1842
1843
1845
1334
1335
1849
1341
1858
1861
1352
1359
1361
1879
1888
1377
1891
1898
1388
1902
1909
1398
1399
1911
1420
921
925
1437
927
1440
1447
1458
953
1470
967
1485
1488
978
980
1501
997
1509
999
1001
1006
1520
1522
1017
