1024
1539
1028
1547
1551
1554
1557
1559
1570
1059
1584
1076
1589
1078
1079
1597
1086
1598
1600
1603
1604
1608
1610
1612
1101
1613
1614
1617
1107
1619
1621
1622
1623
1117
1125
1126
1128
107
1132
1643
1135
1653
1149
1662
1663
1153
1665
1668
1669
1163
1675
1689
1181
1184
1185
1191
1707
1198
1199
1712
1714
1717
1207
1721
1211
1730
1735
1736
1737
1741
1230
1746
1750
1752
1242
1757
1761
1255
1256
1768
1267
1269
1782
1272
1789
1791
1793
1287
1799
1800
1291
1804
1293
1810
1813
1302
1816
1305
1819
1823
1826
1827
1833
1835
1839
1329
1331
1334
1335
1336
1849
1340
1341
1351
1352
1867
1868
1361
1367
1879
1370
1376
1377
1888
1380
1390
1391
1399
1401
1416
1420
916
1431
921
925
934
1456
946
947
952
1467
1471
966
967
1488
978
1491
980
982
993
1509
999
1003
1004
1006
1520
1522
1017
1530
