1538
1028
1557
1559
1563
1059
1584
1076
1589
1078
1590
1597
1086
1603
1608
1612
1613
1614
1617
1621
1112
1123
1124
1126
1128
107
1643
1653
1149
1662
1663
1675
1683
1689
1184
1185
1707
1196
1199
1714
1209
1211
1736
1746
1750
1752
1753
1243
1757
1761
1255
1768
1769
1774
1267
1269
1272
1287
1799
1800
1804
1810
1302
1305
1823
1827
1833
1835
1836
1839
1329
1845
1334
1849
1339
1851
1341
1344
1352
1867
1877
1367
1886
1375
1376
1888
1390
1391
1416
1420
916
1431
921
925
1449
946
947
952
1467
1471
1485
1491
993
1509
1004
1516
1522
1017
1530
