1024
1542
1547
1040
1556
1559
1584
1589
1078
1083
1086
1598
1091
1603
1604
1610
1612
1101
1613
1617
1107
1619
1621
1123
1125
1126
1130
107
1132
1652
1662
1663
1153
1665
1156
1163
1683
1172
1175
1184
1185
1707
1199
1712
1714
1717
1207
1211
1214
1734
1736
1746
1238
1752
1757
1761
1256
1768
1267
1269
1782
1271
1789
1791
1793
1285
1799
1288
1289
1800
1291
1804
1809
1810
1302
1816
1305
1821
1823
1833
1839
1335
1336
1849
1341
1351
1352
1868
1361
1367
1879
1370
1886
1888
1898
1390
1391
1902
1398
1399
916
1431
925
934
1449
1456
946
947
1471
960
966
1480
1488
1491
982
983
997
1516
1006
1522
1017
1530
