2052
2054
2567
2571
2061
2068
2582
2071
2588
2592
2597
2598
2087
1577
2102
2616
2620
2627
2629
2125
2128
2133
2135
2648
2137
2649
2149
2151
2153
2159
2169
2174
2176
2180
136
2187
2198
2199
2203
2224
1718
2239
2241
2250
2273
2279
2283
2289
2292
2294
2302
2315
2319
2328
2336
2343
2365
2368
2377
2384
2420
1912
1916
1919
1921
2436
1931
2451
1940
1945
1948
2461
2463
1954
1959
2471
2472
2475
1968
1972
1973
2491
1980
1985
2498
1994
2509
2510
1999
2511
2001
2002
2512
2009
2010
2533
2028
2543
2032
2544
2042
2555
