1539
1029
1547
526
1553
1557
1049
1052
1056
1570
1059
1571
1068
1074
1075
1078
1084
1086
1600
1604
1609
1613
1107
1621
1110
1622
1112
606
1632
1125
1128
107
1643
1644
1646
1135
1653
1146
1659
1663
1153
1665
1160
1675
1683
1173
1175
1688
1689
1184
1191
1707
1199
1209
1211
1724
1214
1217
1730
1222
1230
1746
1238
1242
1243
1754
1250
1256
1768
1789
1791
1800
1290
1804
1813
1816
1823
1827
1833
1835
1329
1331
1845
1334
1340
1344
1861
1352
1864
1867
1359
1877
1367
1881
1885
1375
1888
1377
1388
1900
1390
1393
1407
897
1409
1416
906
913
1431
1436
925
932
1444
953
1470
1480
1487
1497
993
995
484
997
1004
1518
1519
1522
1528
1531
