1024
1026
1538
1028
1559
1048
1563
1570
1584
1589
1590
1603
1610
1612
1613
1614
1617
1621
1622
1123
1124
1637
1126
1130
107
1132
1656
1146
1149
1663
1668
1163
1683
1175
1185
1196
1199
1714
1211
1730
1735
1746
1757
1761
1255
1768
1769
1774
1269
1782
1272
1799
1800
1804
1293
1805
1813
1302
1823
1312
1833
1835
1836
1846
1852
1341
1860
1863
1352
1877
1367
1886
1376
1888
1390
1391
1398
1402
897
1409
1420
916
1431
922
1440
934
1449
946
947
1467
1471
960
966
967
1480
1485
1488
978
980
1509
1513
1003
1516
1524
