1537
1547
1551
1554
1557
1047
1559
1076
1589
1086
1603
1609
1610
1612
1613
1621
1622
1623
1626
1117
1124
1126
107
1132
1643
1146
1662
1663
1669
1685
1184
1185
1191
1707
1198
1199
1205
1717
1209
1721
1730
1222
1734
1746
1750
1243
1757
1255
1768
1269
1272
1274
1791
1793
1800
1804
1811
1813
1305
1819
1827
1833
1323
1835
1839
1329
1330
1331
1842
1849
1351
1352
1874
1367
1376
1377
1888
1891
1389
1902
1391
1909
1399
916
1431
1435
925
1439
1440
947
953
1471
966
1484
1488
1491
980
993
1509
1516
1520
1522
1017
1535
