2560
2564
2059
2063
2064
2575
2074
2586
2077
2590
2593
2083
2086
2088
2600
2090
2601
2602
2093
2604
2607
2611
2615
2104
2108
2112
2624
2625
2115
2121
2122
2123
2638
2131
2646
2136
2139
2654
2150
2154
2172
2188
2190
2200
2201
2206
2212
2216
2218
2220
2229
2233
2244
2257
2266
2271
2275
2276
2287
2290
2299
2307
2309
2323
2324
2326
2331
2339
2340
2347
2354
2356
2359
2363
2370
2376
2381
2386
2392
2404
2408
2409
2414
2423
1912
2428
1917
2433
1929
2446
1938
1946
2462
2464
1953
1962
2477
2489
1979
2492
2495
1984
1985
1986
2500
2507
2005
2521
2539
2542
2033
2546
2550
2551
2553
2043
2045
