1029
1039
1551
1554
1559
1056
1570
1571
1580
1584
1083
1604
1605
1608
1609
1610
1101
1619
1117
1124
1637
107
1146
1663
1153
1669
1160
1675
1172
1173
1685
1180
1191
1707
1199
1201
1714
1717
1207
1722
1730
1222
1736
1741
1238
1250
1255
1768
1772
1271
1791
1280
1793
1796
1288
1804
1809
1811
1813
1826
1323
1835
1839
1329
1330
1331
1842
1849
1861
1352
1864
1868
1359
1361
1888
1377
1891
1898
1388
1389
1902
1391
897
1409
906
932
1447
1456
953
1470
959
1483
1488
978
993
995
997
1509
1517
1520
1522
1535
