1026
1540
1547
1551
1557
1047
1048
1049
1559
1563
1054
1570
1059
1584
1074
1075
1076
1589
1078
1597
1600
1603
1605
1608
1609
1610
1612
1101
1613
1617
1618
1107
1621
1622
1623
1117
1124
1125
1126
1128
107
1132
1146
1149
1662
1663
1669
1675
1683
1172
1173
1175
1689
1180
1181
1182
1185
1191
1195
1707
1199
1714
1205
1717
1209
1721
1211
1723
1730
1222
1734
1736
1737
1741
1230
1746
1750
1752
1753
1242
1243
1754
1757
1250
1255
1256
1768
1269
1272
1791
1793
1283
1795
1287
1799
1800
1290
1293
1811
1813
1819
1826
1827
1833
1323
1835
1839
1329
1330
1845
1334
1335
1849
1344
1861
1351
1352
1864
1867
1361
1877
1367
1879
1376
1377
1888
1891
1380
1390
1391
1399
1411
1416
906
1420
916
1431
921
925
927
946
952
1467
1471
967
1485
1488
978
980
993
995
1509
999
1004
1516
1520
1522
1523
1017
1530
