1024
1026
1538
1028
1547
1551
1554
1559
1570
1059
1584
1076
1589
1078
1079
1590
1083
1597
1086
1598
1600
1603
1092
1604
1605
1608
1612
1101
1613
1617
1107
1619
1621
1622
1623
1112
1117
1125
1126
1637
1128
1639
107
1643
1135
1653
1146
1149
1662
1663
1153
1665
1668
1669
1163
1675
1172
1689
1181
1182
1184
1185
1707
1198
1199
1712
1205
1717
1721
1722
1211
1723
1730
1735
1736
1737
1741
1230
1746
1238
1750
1752
1242
1243
1757
1761
1250
1255
1256
1768
1769
1267
1269
1271
1272
1789
1791
1793
1795
1796
1287
1288
1289
1799
1291
1800
1293
1804
1809
1810
1302
1816
1305
1821
1823
1312
1826
1827
1833
1835
1839
1329
1330
1331
1846
1335
1336
1849
1339
1340
1341
1344
1352
1864
1867
1868
1359
1361
1365
1367
1879
1370
1886
1375
1376
1377
1888
1380
1388
1390
1391
1902
1399
1402
1409
1416
1420
1431
921
925
934
1447
1449
1456
1457
946
947
952
953
1467
1471
960
966
1483
1488
1491
980
982
993
999
1004
1516
1006
1520
1522
1017
1530
