1024
1554
1559
1563
1059
1580
1584
1076
1589
1078
1079
1597
1598
1603
1608
1610
1612
1613
1617
1107
1125
107
1132
1643
1662
1663
1668
1669
1172
1689
1181
1184
1185
1707
1198
1199
1714
1721
1211
1214
1730
1735
1736
1737
1230
1746
1238
1750
1752
1754
1243
1250
1768
1267
1793
1795
1800
1289
1291
1804
1809
1810
1813
1823
1826
1827
1833
1323
1839
1331
1335
1849
1339
1341
1352
1867
1868
1365
1367
1879
1888
1390
1391
1902
1399
897
1416
1420
916
1431
925
927
946
952
953
1471
1488
1491
993
999
1516
1006
1520
1522
1017
