2560
2561
2564
2055
2056
2059
2060
2573
2574
2063
2064
2578
2069
2073
2074
2586
2077
2078
2590
2593
2083
2551
2086
2088
2600
2090
2601
2602
2093
2604
2095
2607
2098
2611
2103
2104
2615
2619
2108
2109
2623
2112
2624
2625
2115
2118
2630
2121
2123
2638
2131
2646
2139
2140
2142
2654
2655
2150
2154
2164
2165
2172
2184
2188
2190
2200
2201
2206
2210
2212
2213
2218
2220
2229
2233
2237
2240
2244
2253
2257
2261
2266
2271
2275
2276
2278
2287
2290
2299
2307
2309
2323
2324
2326
2329
2331
2340
2347
2348
2352
2353
2356
2359
2363
2369
2370
2374
2381
2386
2391
2392
2395
2404
2407
2408
2409
2410
2418
2423
1912
2428
1917
1918
2433
1929
2446
1938
1941
1943
1946
2460
2464
1953
2467
2469
1962
1963
1966
2482
1971
2484
2489
1983
1984
1985
1986
2495
2500
1989
2504
1993
2506
2507
1997
2520
2521
2526
2532
2536
2539
2030
2543
2546
2037
2549
2550
2552
2553
2554
2043
2556
2045
2559
