2560
2561
2564
2058
2059
2063
2064
2578
2073
2074
2586
2078
2590
2591
2593
2088
2600
2090
2601
2602
2604
2095
2607
2611
2103
2104
2615
2623
2624
2115
2118
2121
2123
2131
2646
2139
2654
2655
2150
2154
2172
2184
2190
2200
2201
2206
2212
2213
2218
2229
2233
2240
2244
2253
2257
2261
2276
2290
2306
2308
2309
2324
2326
2331
2334
2339
2340
2347
2348
2352
2354
2356
2363
2369
2370
2381
2383
2395
2404
2408
2410
2414
2423
1912
2428
1917
2429
2430
2446
1938
1943
1946
2460
2462
2464
2467
1963
2482
1971
2485
2489
2492
1983
1984
1985
2495
2500
1993
1997
2005
2520
2521
2526
2020
2030
2543
2033
2546
2549
2551
2040
2043
2556
2559
