0
2054
7
2571
2068
21
2071
2072
2583
2589
2081
2598
2102
56
2617
2111
67
2116
2117
2629
2635
2636
2127
2128
2640
2643
2133
87
2135
2647
2138
2649
2653
2143
2660
103
2153
2157
120
122
2171
125
2174
2180
2183
2187
2189
146
2199
2203
156
169
2223
2224
2225
1718
2247
2250
2254
213
2264
2267
2268
2279
2283
2284
2289
2292
246
2302
2319
2327
285
2336
2337
304
308
315
2364
322
324
2378
2384
339
2398
2417
1912
2436
1926
1932
2445
2447
1939
2451
1945
2458
2459
2461
1951
2463
1955
2471
2472
2475
1972
1973
1976
2491
2494
2498
2502
1991
1995
2508
1998
2510
2511
2001
2004
2007
2009
2529
2018
2533
2024
2538
2027
2543
2032
2547
2038
2039
2042
