2560
2561
2564
2055
2059
2060
2573
2574
2063
2064
2575
2578
2069
2073
2586
2077
2078
2590
2593
2083
2084
2088
2552
2090
2600
2601
2093
2602
2604
2607
2098
2611
2103
2104
2615
2619
2108
2622
2623
2112
2624
2625
2115
2118
2630
2121
2123
2124
2131
2139
2142
2654
2655
2150
2172
2184
2188
2189
2190
2201
2206
2207
2212
2213
2218
2220
2229
2233
2240
2244
2253
2266
2271
2275
2276
2278
2290
2300
2306
2308
2309
2323
2324
2331
2334
2339
2340
2347
2348
2352
2353
2354
2356
2363
2369
2370
2374
2376
2381
2386
2395
2404
2408
2409
2410
2414
2418
2423
1912
2428
1917
2433
1925
2446
1938
1941
1943
1946
2460
2462
2464
1953
2468
2469
1962
1966
2478
2482
1971
1979
2492
1983
1984
1985
1986
2495
2499
1989
2504
1993
2506
2507
1997
2005
2520
2521
2526
2020
2026
2539
2030
2542
2033
2037
2549
2551
2040
2553
2043
2556
2045
2559
