3075
3076
3082
3089
3101
3106
3115
3116
3120
3132
3140
3146
3150
3152
3154
3160
3169
2661
2662
2665
3179
3182
2674
3194
3198
2687
3201
2693
3206
1684
2708
3224
2716
2719
2720
3235
3239
3240
3247
3252
2742
3256
2748
3261
2753
3265
3267
3274
2765
3277
3280
3288
2778
3291
2781
2784
3297
3299
2793
2802
3316
3320
3321
3323
3330
3335
2828
3344
2833
3345
3347
3351
3353
3355
2846
3360
2849
2853
3365
2859
2863
3378
2869
3386
3391
3406
2901
3416
3419
2914
2921
3434
2936
2937
2939
2951
2955
2973
2989
2992
2995
3002
3013
3017
3021
3024
3032
3034
3035
3038
3049
3051
3060
3069
3070
