2560
2561
2564
2056
2058
2059
2573
2064
2578
2579
2069
2073
2586
2078
2590
2593
2083
2084
2551
2088
2600
2090
2601
2602
2093
2604
2607
2098
2611
2103
2104
2615
2108
2109
2623
2112
2624
2625
2115
2118
2631
2121
2123
2124
2638
2131
2140
2142
2654
2150
2154
2165
2172
2184
2188
2190
2200
2201
2206
2210
2212
2213
2218
2220
2229
2233
2237
2240
2244
2253
2257
2266
2271
2275
2276
2278
2290
2299
2300
2306
2307
2308
2309
2323
2324
2326
2329
2331
2334
2339
2340
2347
2348
2352
2354
2356
2363
2369
2370
2376
2381
2391
2395
2409
2410
2414
2423
1912
2428
1917
1918
1929
2446
1938
1943
1946
2460
2462
2464
1953
2467
2468
2469
1962
1963
1966
2482
1971
2485
1979
2492
1983
1984
1985
2495
2499
2500
2504
1993
2506
2507
2005
2520
2521
2526
2030
2542
2543
2546
2037
2549
2550
2040
2553
2556
2045
2046
2559
