1024
1547
1551
1040
1559
1063
1076
1589
1078
1086
1598
1091
1604
1605
1610
1612
1101
1107
1619
1621
1125
1126
1639
1130
107
1132
1652
1662
1663
1153
1665
1668
1160
1163
1172
1180
1184
1185
1707
1199
1712
1714
1205
1207
1722
1211
1736
1741
1746
1238
1752
1757
1256
1271
1789
1280
1285
1799
1288
1800
1804
1809
1302
1816
1826
1832
1833
1839
1330
1331
1336
1851
1352
1868
1370
1888
1380
1898
1390
1391
1902
1398
1399
1402
897
1431
1447
1449
1456
1457
946
1460
953
1470
1471
960
966
1480
1483
1488
982
983
995
997
1513
1006
