1026
1539
1028
1029
526
1551
1040
1553
1554
1557
1047
1048
1559
1563
1054
1056
1570
1059
1571
1063
1068
1580
1584
1074
1075
1076
1589
1078
1079
1590
1084
1086
1600
1603
1092
1604
1605
1608
1609
1610
1612
1101
1613
1614
1107
1620
1621
1622
1623
1117
1632
1124
1637
1126
1639
1128
107
1643
1135
1651
1146
1149
1662
1663
1153
1668
1669
1160
1675
1683
1172
1173
1685
1175
1688
1182
1185
1191
1195
1707
1198
1199
1201
1714
1205
1717
1207
1722
1211
1723
1214
1730
1219
1222
1734
1735
1736
1230
1746
1238
1753
1243
1757
1761
1250
1765
1255
1256
1772
1774
1265
1267
1269
1271
1791
1280
1793
1795
1799
1800
1289
1290
1291
1804
1293
1809
1811
1813
1302
1305
1823
1312
1827
1833
1323
1835
1329
1330
1331
1842
1845
1334
1849
1339
1860
1861
1863
1352
1864
1868
1359
1361
1879
1376
1377
1888
1891
1898
1388
1389
1390
1391
1900
1393
1902
1909
1399
1402
1407
897
1409
1416
906
1420
916
1431
921
925
927
934
1447
1456
946
947
1458
1460
953
1467
1470
1471
967
1480
1483
1488
978
980
993
995
997
1509
1516
1006
1519
1520
1522
1523
1528
1530
1535
