3076
3082
3088
3101
3102
3111
3112
3113
3115
3116
3120
3132
3145
3148
3150
3152
3169
3170
3172
2661
3179
3182
2672
3185
2674
3188
3199
3201
3204
3206
2701
3215
1684
2712
2716
2719
3235
3247
3252
2742
3254
3261
2753
3265
3267
3272
3277
2770
3288
2778
3291
2781
3296
2785
3297
3298
2793
3306
2796
2803
3320
2811
3327
3330
2819
3332
2828
3344
2833
3347
3350
3351
2848
2849
3360
2853
2855
2863
3378
2869
3381
2875
2876
3391
3396
3397
2894
2904
3419
3422
3431
3434
2937
2939
2950
2958
2965
2970
2973
2976
2991
2992
3021
3035
3049
3051
3060
