2567
2057
2571
2068
2582
2071
2072
2583
2588
2589
2592
2594
2597
2598
2087
1577
2608
2102
2616
2617
2111
2116
2117
2629
2635
2127
2128
2640
2642
2133
2134
2135
2645
2649
2144
2660
2149
2153
2157
2171
2174
2180
136
2187
2189
2196
2203
2215
2223
2224
1718
2232
2241
2246
2249
2250
2254
2259
2267
2279
2283
2285
2289
2292
2302
2319
2327
2330
2336
2364
2372
2378
2384
2385
2394
2398
2406
2417
2419
1912
2436
1926
1928
2445
2447
2451
1945
2458
2459
2463
1954
1955
1959
2471
1964
1972
1973
1976
1465
2491
2498
1987
2502
1995
2508
2510
2511
2512
2002
2004
2516
2007
2009
2018
2530
2533
2022
2024
2026
2027
2538
2543
2032
2544
2547
2038
2039
2042
2555
2047
