2560
2564
2055
2059
2573
2063
2064
2073
2074
2586
2077
2078
2590
2593
2086
2088
2600
2090
2601
2604
2093
2095
2607
2611
2103
2104
2108
2623
2112
2624
2625
2115
2118
2631
2121
2122
2123
2638
2646
2136
2139
2140
2655
2150
2172
2184
2188
2190
2200
2201
2206
2210
2216
2218
2220
2240
2244
2257
2261
2266
2271
2275
2278
2290
2309
2323
2324
2326
2329
2331
2339
2340
2347
2354
2356
2363
2369
2370
2374
2381
2386
2395
2407
2408
2409
2414
2418
2423
1912
2428
1917
2446
1938
1943
1946
2460
2462
2464
2468
1962
2477
2482
2485
2489
1979
2492
1983
1985
1993
2507
2005
2521
2526
2020
2543
2033
2550
2551
2040
2043
2045
2046
2559
