1538
1547
1554
1557
1559
1048
1049
1570
1059
1580
1584
1074
1589
1600
1603
1608
1609
1610
1612
1613
1617
1107
1621
1622
1623
1116
1637
1126
1128
107
1132
1643
1135
1146
1663
1153
1668
1669
1675
1685
1175
1688
1182
1184
1185
1198
1199
1714
1721
1211
1730
1735
1736
1230
1746
1750
1753
1754
1243
1757
1761
1255
1768
1265
1267
1782
1799
1800
1291
1804
1810
1302
1816
1305
1819
1823
1312
1827
1833
1835
1329
1331
1845
1334
1352
1864
1367
1879
1886
1376
1377
1888
1891
1388
1391
1399
1409
906
1420
916
1431
921
925
927
1439
932
934
1456
947
1460
952
1467
1471
1480
1484
978
1491
980
982
993
1509
1513
1516
1522
1528
1017
