2053
2054
2567
2057
2068
2582
2071
2072
2589
2592
2081
2594
2598
2087
1577
2605
2608
2101
2102
2616
2617
2111
2635
2125
2127
2642
2643
2133
2134
2649
2138
2653
2144
2149
2151
2153
2163
2174
2183
136
2187
2189
2191
2199
2203
2215
2224
1718
2232
2243
2250
2254
2259
2266
2268
2279
2280
2282
2283
2289
2294
2295
2319
2327
2328
2330
2332
2333
2336
2338
2345
2347
2367
2372
2379
2384
2385
2394
2398
2417
1912
1920
2436
1926
1932
2445
2451
1941
1945
2458
2463
1955
1959
2471
1465
2491
2498
1987
2501
2502
2508
2509
2510
2511
2512
2516
2007
2519
2028
2543
2032
2038
2039
2042
2555
2047
