2053
2054
2567
2065
2068
2592
2081
2597
2598
2087
1577
2608
1074
1077
2102
2111
2117
2629
2125
2128
2642
2643
2132
2134
2135
2649
2138
2148
2149
2153
107
2169
2180
2183
2187
2191
2194
1171
2196
2198
2199
2203
1702
2223
1718
2239
2247
2250
2264
2266
2267
2268
2279
2282
2283
2285
2289
2292
2293
2302
2315
2319
2327
2328
2332
2333
2336
2338
2347
2351
2368
2372
2384
1361
2385
1883
2398
2399
2420
1912
1920
908
1941
1945
2458
1948
1959
2491
2496
2501
1483
2508
2509
2510
2512
2516
2007
2530
2533
2028
2542
2543
2032
2547
1013
2042
2555
2047
