2052
2053
2054
2062
2068
2582
2072
2075
2588
2081
2594
2598
2087
1577
2603
2608
2101
2102
2616
2617
2110
2111
2117
2629
2637
2128
2642
2132
2133
2652
2149
2151
2153
2161
2169
2174
2180
2183
2196
2198
2199
2221
2222
1718
2235
2241
2243
2246
2247
2264
2267
2273
2274
2279
2280
2282
2283
2292
2294
2304
2319
2327
2328
2333
2336
2338
2344
2347
2355
2368
2377
2384
2390
2394
2396
2399
2415
2419
1912
1916
2432
2434
2436
1926
2438
1932
1939
2451
1941
1945
2458
1948
2461
2463
1954
1955
1959
2471
2475
2479
1970
2491
1981
2498
2501
2509
2510
2511
2512
2002
2003
2516
2518
2007
2010
2537
2028
2032
2547
2555
