1024
1026
1539
1028
1029
1551
1554
1557
1047
1048
1559
1563
1056
1570
1059
1571
1580
1584
1076
1589
1078
1079
1590
1083
1597
1086
1598
1600
1603
1604
1605
1608
1609
1610
1612
1101
1613
1617
1107
1619
1620
1110
1621
1622
1117
1632
1124
1125
1126
1637
1128
1639
107
1643
1135
1146
1149
1153
1665
1668
1669
1160
1163
1164
1675
1683
1172
1173
1175
1688
1689
1180
1181
1182
1184
1185
1697
1191
1195
1196
1707
1198
1199
1712
1714
1205
1717
1718
1209
1721
1211
1723
1724
1214
1730
1222
1734
1735
1736
1741
1746
1238
1750
1752
1753
1243
1757
1761
1250
1255
1256
1768
1772
1267
1269
1782
1271
1789
1791
1280
1793
1795
1796
1287
1288
1289
1290
1291
1799
1800
1804
1809
1811
1813
1302
1816
1305
1819
1823
1312
1826
1827
1833
1323
1835
1327
1839
1329
1330
1331
1842
1334
1335
1336
1849
1339
1851
1341
1344
1861
1352
1867
1868
1359
1361
1365
1877
1367
1879
1369
1370
1886
1376
1377
1888
1891
1898
1388
1389
1390
1391
1902
1909
1399
1402
1407
1409
1416
906
1420
916
1431
921
925
926
927
1437
932
934
1447
1449
1456
1457
946
947
952
953
1467
1470
959
960
1471
966
967
1483
1488
978
1491
980
982
993
997
1509
1003
1004
1516
1006
1517
1520
1522
1523
1528
1017
1530
1535
