1024
1538
1028
1029
1542
1547
526
1551
1040
1554
1559
1056
1059
1580
1584
1074
1076
1589
1079
1083
1597
1086
1598
1600
1603
1092
1604
1608
1612
1101
1617
1107
1619
1620
1621
1117
1124
1125
1126
107
1132
1643
1653
1146
1149
1662
1663
1153
1665
1156
1668
1669
1160
1163
1675
1683
1172
1173
1175
1181
1184
1185
1191
1707
1198
1199
1714
1717
1721
1211
1214
1730
1219
1222
1735
1736
1741
1230
1746
1238
1750
1752
1753
1243
1757
1761
1250
1255
1256
1768
1267
1271
1272
1789
1791
1793
1285
1287
1288
1289
1799
1291
1800
1804
1809
1810
1813
1302
1816
1821
1823
1826
1832
1833
1323
1835
1839
1329
1330
1331
1842
1843
1845
1335
1336
1849
1339
1341
1861
1351
1352
1864
1867
1868
1359
1361
1367
1879
1370
1886
1376
1377
1888
1380
1898
1390
1391
1902
1393
1399
1409
1416
906
1420
916
1431
921
1437
1447
1456
1457
946
947
952
953
1467
959
960
1471
966
1488
1491
980
982
983
999
1004
1516
1006
1520
1522
1017
1530
