3078
3084
3090
3095
3096
3104
3108
3114
3129
3137
3139
3142
3149
3174
2663
2664
2666
2669
2673
2676
2679
2680
2683
3195
2689
2694
2698
2705
2706
1684
2710
3226
3228
2717
3232
3237
2738
3257
2749
2750
2754
2757
2759
2761
2763
3284
2777
3293
2782
2786
3300
3301
3303
2800
3324
2815
2827
3339
3348
2839
2850
3362
3363
2854
2866
2867
2872
3387
2877
3392
3394
2890
2896
2905
2906
2908
2909
2910
2911
2912
2913
2916
3430
2919
2920
2925
2927
2928
2931
2940
2943
2944
2956
2960
2966
2967
2969
2974
2978
2985
2986
2993
3004
3022
3025
3026
3033
3040
3042
3047
3054
3056
3064
