1024
1538
1028
1547
1551
1554
1556
1047
1048
1559
1561
1563
1059
1580
1584
1589
1078
1079
1590
1083
1597
1086
1598
1600
1091
1603
1604
1605
1610
1612
1101
1613
1614
1107
1619
1621
1623
1123
1125
1126
1637
1130
107
1132
1133
1643
1652
1146
1659
1662
1663
1153
1668
1163
1675
1683
1172
1175
1180
1184
1185
1707
1198
1199
1712
1201
1714
1717
1207
1211
1214
1730
1222
1735
1736
1741
1746
1238
1752
1753
1242
1757
1761
1255
1256
1768
1772
1269
1271
1789
1278
1793
1285
1287
1288
1289
1799
1291
1800
1804
1809
1302
1816
1305
1821
1823
1826
1827
1832
1833
1835
1839
1329
1330
1331
1842
1334
1335
1849
1339
1341
1863
1352
1868
1367
1879
1369
1370
1886
1376
1377
1888
1898
1390
1902
1909
1398
1399
1416
906
916
1431
921
925
1439
1442
934
1447
1449
1456
1457
947
953
960
966
1480
1483
1488
978
1491
993
997
1509
999
1004
1516
1006
1017
1530
