2054
2068
2582
2588
2589
2081
2598
1577
2603
2608
2610
2102
2616
2617
2111
2117
2629
2125
2637
2127
2641
2642
2132
2133
2649
2141
2149
2151
2153
2155
2169
2174
2176
2187
2189
2196
2198
2199
2209
2211
2224
2226
1718
2241
2246
2247
2250
2254
2268
2272
2273
2282
2289
2292
2294
2310
2318
2319
2322
2325
2327
2328
2333
2336
2343
2344
2347
2362
2377
2398
2399
2416
1912
1916
2434
1923
2436
1926
2445
1940
1945
1947
2461
2463
1955
2471
2475
1964
1970
2491
2493
2498
1987
2509
2510
2511
2512
2002
2516
2518
2007
2519
2010
2525
2031
2032
2038
2557
2047
