1032
1036
1550
1044
1060
1573
1576
1578
1067
1583
1587
1591
1082
1596
1086
1611
1100
1104
596
1108
1115
1628
1120
1635
1636
1129
107
1647
1655
1148
1661
641
1158
1680
1682
1691
1190
1192
1715
1204
1716
1221
1227
1742
1231
1764
1257
1783
1273
1786
1277
1284
1292
1298
1824
1315
1830
1322
1841
1345
1857
1347
1859
1350
1862
1871
1872
1873
1884
1373
1379
1381
1893
1899
1903
1392
1404
896
1413
902
1414
1423
1426
917
1432
1436
1438
1448
941
1459
1462
954
957
962
1475
1479
975
981
988
989
1502
994
1009
1014
1015
1019
1021
