2560
2561
2563
2052
2053
2054
2564
2567
2057
2058
2059
2571
2573
2063
2064
2065
2575
2578
2068
2071
2072
2586
2078
2590
2592
2081
2593
2551
2594
2597
2598
2087
2088
1577
2090
2600
2601
2093
2602
2095
2604
2607
2608
2099
2609
2101
2102
2103
2104
2555
2611
2615
2108
2616
2617
2111
2619
2623
2625
2117
2629
2630
2121
2123
2559
2125
2127
2128
2642
2131
2643
2137
2138
2649
2142
2144
2148
2150
2153
2165
2169
2180
2183
2184
2187
2188
2191
2194
2196
2199
2206
2208
2215
2223
2224
2229
2233
2239
2240
2244
2246
2247
2253
2257
2264
2266
2271
2275
2276
2279
2280
2282
2283
2285
2292
2293
2300
2302
2306
2308
2309
2315
2319
2323
2324
2327
2328
2332
2333
2334
2336
2338
2340
2347
2348
2351
2354
2355
2363
2367
2369
2370
2379
2381
2384
2385
2395
2398
2408
2410
2420
2423
1912
2428
2429
1918
2430
1920
2436
1926
1932
1938
2451
1945
1946
1947
1948
2458
2460
2461
2462
2464
2465
1955
2468
1959
2472
2475
1964
2478
2482
1971
1465
2489
1979
2491
2492
2495
1985
1993
1994
2507
2508
2509
2510
2511
2002
2516
2005
2518
2007
2521
2526
2530
2021
2533
2026
2539
2028
2030
2542
2032
2033
2543
2547
2550
2039
2040
2042
2043
2556
2046
2047
