2560
2561
2563
2059
2575
2064
2073
2074
2586
2078
2590
2593
2083
2088
2552
2090
2600
2601
2093
2602
2095
2604
2607
2611
2103
2104
2615
2108
2112
2624
2625
2118
2630
2631
2122
2123
2638
2131
2139
2142
2654
2655
2150
2154
2172
2184
2188
2190
2200
2201
2206
2212
2213
2216
2218
2220
2229
2233
2234
2240
2244
2253
2257
2266
2275
2276
2287
2290
2307
2308
2309
2323
2324
2326
2331
2334
2339
2340
2347
2348
2353
2354
2356
2363
2369
2370
2374
2381
2395
2404
2408
2409
2410
2414
2418
2423
1912
2428
1917
1918
2430
1938
1943
1946
2464
1953
2467
1962
2477
1966
2482
1971
2484
2485
1979
2492
1983
1984
1985
2495
2500
2504
1993
2507
2005
2521
2526
2542
2543
2033
2546
2549
2550
2551
2040
2553
2556
2045
2559
