1024
1538
1557
1059
1069
1584
1589
1078
1083
1086
1598
1603
1604
1610
1612
1101
1613
1617
1107
1619
1621
1622
1117
1125
1126
1128
107
1132
1146
1659
1663
1153
1665
1668
1669
1175
1185
1707
1199
1712
1714
1207
1211
1735
1736
1746
1238
1750
1752
1757
1761
1255
1256
1768
1267
1269
1271
1791
1799
1800
1291
1804
1810
1816
1305
1823
1826
1827
1833
1835
1839
1329
1331
1352
1367
1370
1886
1376
1377
1888
1900
1390
1391
1399
916
1431
925
932
934
1449
1456
946
947
952
1467
1471
960
966
1488
1491
982
993
1004
1516
1006
1517
1017
