2053
2054
2567
2062
2068
2072
2075
2589
2592
2081
2594
2598
2087
1577
2603
2608
2101
2102
2616
2111
2127
2132
2133
2649
2138
2652
2653
2144
2149
2153
2161
2169
2174
2180
2183
136
2187
2189
2196
2199
2222
2223
2224
1718
2235
2241
2243
2246
2250
2254
2267
2268
2279
2280
2282
2283
2285
2289
2292
2294
2304
2319
2327
2328
2330
2333
2336
2338
2344
2345
2367
2377
2379
2384
2390
2394
2396
2398
2399
2415
2419
2420
1912
1920
2434
2436
1926
2438
2445
1939
2451
1941
1945
2458
1947
1948
2461
2463
1955
2471
2479
2491
1981
2501
2509
2510
2511
2007
2537
2026
2032
2547
2038
2555
