1026
1551
1553
1554
1557
1559
1049
1563
1056
1570
1584
1074
1075
1589
1590
1608
1609
1612
1613
1614
1621
1110
1622
1116
1124
1637
1126
107
1146
1659
1149
1663
1669
1675
1685
1175
1688
1182
1185
1191
1195
1717
1209
1722
1724
1730
1230
1746
1750
1753
1754
1765
1768
1265
1269
1782
1791
1287
1800
1290
1811
1813
1816
1305
1827
1835
1329
1331
1845
1334
1341
1352
1864
1365
1367
1376
1377
1888
1391
1393
1399
1407
1409
1416
906
1420
1431
921
925
927
934
1449
1450
946
1467
1471
967
1484
1485
980
993
1509
1513
1519
1522
1528
