2052
2053
2054
2567
2068
2582
2071
2072
2588
2592
2081
2594
2597
2598
2087
1577
2603
2608
2610
2099
2616
2111
2117
2629
2125
2641
2642
2643
2132
2133
2135
2148
2149
2151
2153
2155
2169
2174
2176
2180
2183
136
2187
2194
2196
2198
2199
2222
1718
2239
2241
2246
2254
2267
2273
2282
2283
2285
2289
2292
2294
2302
2304
2327
2328
2332
2333
2336
2343
2344
2347
2355
2362
2368
2377
2384
2389
2398
2399
2413
2419
1912
1916
1920
2434
1923
1926
1932
1939
1940
1941
1945
2458
1947
1948
2461
2463
1955
2471
2475
2480
1970
1465
2491
2496
2498
2509
2510
2511
2002
2516
2518
2007
2010
2529
2537
2026
2028
2543
2032
2555
2047
