2561
2564
2055
2056
2059
2060
2575
2064
2576
2067
2069
2073
2078
2590
2593
2083
2084
2086
2088
2601
2090
2602
2092
2093
2604
2098
2611
2103
2104
2619
2108
2112
2118
2630
2631
2122
2123
2638
2131
2646
2136
2142
2147
2150
2164
2165
2172
2179
2188
2201
2206
2218
2220
2229
2233
2253
2261
2262
2266
2271
2278
2288
2299
2303
2309
2323
2326
2331
2334
2339
2347
2350
2353
2354
2369
2370
2374
2376
2383
2387
2391
2392
2395
2404
2410
2414
2423
1912
2428
1917
1918
2429
1925
2446
2449
1941
1943
2460
2464
2468
2469
2476
2478
2482
2485
1979
1983
1985
1986
2499
1989
1993
2506
2020
2542
2543
2545
2037
2549
2550
2556
2045
