1029
1551
1040
1554
1047
1559
1056
1570
1571
1580
1584
1076
1589
1078
1083
1086
1598
1603
1604
1605
1608
1609
1610
1101
1613
1107
1619
1621
1622
1623
1117
1124
1125
1126
107
1132
1663
1153
1665
1669
1160
1675
1172
1173
1685
1180
1707
1199
1714
1205
1722
1211
1730
1222
1736
1746
1238
1243
1250
1256
1768
1772
1271
1791
1280
1795
1288
1800
1804
1809
1811
1816
1821
1823
1826
1833
1323
1835
1839
1842
1331
1335
1861
1352
1868
1359
1361
1879
1370
1888
1377
1898
1388
1389
1390
1391
1900
1399
1401
1420
916
1431
932
1447
1453
1456
946
953
959
1471
966
1483
1488
978
993
995
997
998
1004
1520
1017
1535
