2052
2053
2054
2567
2068
2582
2071
2072
2588
2081
2594
2597
2598
2087
1577
2608
2099
2101
2102
2616
2617
2111
2117
2629
2125
2642
2643
2132
2133
2649
2138
2143
2148
2149
2151
2153
2169
2174
2176
2180
2183
136
2187
2194
2196
2198
2199
2203
2224
2226
1718
2235
2246
2247
2250
2264
2267
2273
2279
2282
2283
2285
2289
2292
2293
2294
2302
2304
2310
2319
2327
2328
2333
2336
2338
2343
2344
2345
2351
2355
2367
2368
2372
2377
2384
2394
2398
2399
2419
1912
1916
1920
2434
1926
1932
1940
1941
1945
1947
1948
2463
1954
1955
2471
2475
1970
2491
2498
2508
2509
2510
2511
2512
2002
2007
2010
2537
2026
2028
2543
2032
2039
2555
2047
