3078
3085
3090
3096
3104
3105
3108
3129
3137
3142
3166
3174
2664
2669
3184
2673
2676
2679
2681
2683
3195
2689
3202
2694
2698
2705
2706
1684
3220
3226
3228
2717
3232
3234
3243
2738
3250
2741
2743
3257
2746
2749
2750
2755
2756
2757
2761
2763
2769
3284
2777
3293
2782
2786
2800
2806
2810
2812
3324
3339
2835
3348
2839
2850
3362
2852
3363
2854
2862
2863
2864
2866
2867
2872
2874
2877
2880
3399
3400
2890
2896
2897
3417
2906
2908
2909
2910
2911
2912
3426
2915
2916
2919
2920
3433
2927
2928
2940
2943
2944
2945
2956
2960
2966
2969
2974
2986
2988
3000
3004
3022
3023
3025
3026
3029
3033
3036
3052
3054
3056
3064
3065
