2052
2053
2054
2567
2057
2062
2068
2071
2072
2075
2589
2592
2081
2594
2597
2598
2087
1577
2603
2608
2101
2102
2616
2617
2110
2111
2125
2127
2132
2133
2134
2135
2649
2138
2652
2653
2143
2144
2153
2161
2169
2174
2180
2183
136
2187
2189
2191
2196
2198
2199
2221
2222
2223
2224
1718
2235
2243
2246
2247
2250
2254
2267
2268
2274
2279
2280
2282
2283
2285
2289
2292
2294
2302
2304
2319
2327
2328
2332
2333
2336
2338
2344
2347
2372
2377
2384
2390
2394
2396
2398
2399
2415
2419
2420
1912
1920
2434
1923
2436
1926
2438
1932
2445
1939
2451
1941
1945
2458
1947
1948
2461
2463
1955
2468
1959
2471
2479
1970
2491
1981
2501
2508
2509
2510
2512
2002
2003
2516
2007
2533
2537
2026
2543
2032
2038
2039
2042
2555
2047
