2560
2564
2056
2059
2574
2063
2064
2578
2073
2074
2586
2077
2078
2590
2591
2593
2083
2086
2088
2600
2090
2601
2604
2093
2095
2098
2611
2103
2104
2615
2619
2108
2112
2624
2625
2115
2118
2121
2122
2123
2124
2638
2131
2646
2139
2140
2142
2654
2655
2150
2154
2172
2179
2184
2188
2190
2200
2201
2206
2210
2216
2218
2220
2229
2233
2240
2244
2253
2257
2261
2266
2271
2275
2278
2290
2299
2309
2323
2324
2326
2329
2331
2339
2340
2352
2354
2356
2363
2369
2370
2374
2376
2381
2395
2404
2409
2410
2414
2418
2423
1912
2428
1917
2430
2433
1929
2446
1938
1943
1946
2460
2462
2464
2467
2469
1962
2477
1966
2482
1971
2484
2485
2489
1979
2492
1983
1985
1986
2500
2504
2506
2507
2005
2520
2526
2539
2030
2542
2033
2546
2037
2549
2553
2554
2043
2045
2559
