1024
1547
1551
1554
1556
1559
1063
1069
1584
1589
1078
1079
1083
1597
1086
1598
1604
1610
1612
1613
1107
1619
1621
1125
1126
1637
107
1132
1652
1662
1663
1153
1665
1668
1163
1172
1175
1185
1191
1707
1199
1712
1714
1205
1207
1211
1214
1219
1736
1741
1230
1746
1752
1757
1761
1256
1768
1271
1789
1278
1791
1793
1287
1288
1289
1799
1800
1804
1809
1813
1302
1827
1833
1835
1839
1329
1330
1842
1845
1335
1336
1849
1341
1351
1864
1868
1361
1874
1879
1370
1376
1888
1898
1900
1390
1391
1902
1393
1398
1399
1402
1416
1420
1431
1449
1456
947
1471
960
966
1480
972
1488
982
983
993
997
1004
1516
1006
1522
1017
1535
