1024
1539
1029
1032
1547
1556
1557
1049
1563
1565
1054
1570
1059
1060
1571
1068
1075
1076
1589
1078
1079
1080
1083
1598
1600
1091
1603
1604
1605
1608
1610
1101
1613
1617
1619
596
1620
1621
1622
1112
1117
606
1632
1123
1125
1126
1128
1130
107
1132
1643
1135
1652
1143
1146
1659
1660
1149
637
1662
1663
641
1153
1665
1156
1668
1674
1163
1164
1675
1679
1680
1172
1175
1688
1689
1180
1184
1185
1192
1707
1198
1199
1201
1714
1715
1717
1207
1721
1722
1211
1214
1727
1730
1222
1735
1736
1737
1741
1746
1235
1238
1750
1753
1754
1243
1757
1761
1250
1255
1256
1768
1267
1271
1273
1789
1285
1799
1288
1289
1800
1291
1804
1809
1298
1810
1813
1302
1823
1312
1827
1318
1830
1832
1833
1835
1329
1330
1842
1844
1335
1849
1339
1344
1861
1351
1352
1867
1868
1358
1877
1367
1879
1370
1886
1375
1376
1377
1888
1898
1390
1391
1902
1907
1399
1402
1416
1418
1423
1427
916
917
1429
1431
1436
925
934
1447
1449
1456
1457
946
947
1463
952
953
1467
1471
960
966
1480
1483
1488
978
980
983
993
483
1509
1003
1516
1517
1006
1522
1022
