2560
2561
2564
2056
2058
2059
2573
2063
2064
2575
2578
2067
2069
2073
2586
2077
2078
2593
2086
2088
2601
2090
2602
2604
2095
2611
2103
2104
2615
2619
2623
2625
2115
2118
2631
2121
2123
2124
2131
2646
2139
2142
2654
2655
2150
2154
2179
2184
2189
2201
2206
2212
2216
2218
2220
2229
2233
2234
2237
2240
2244
2253
2266
2271
2290
2300
2306
2309
2311
2324
2326
2331
2339
2347
2348
2354
2356
2363
2369
2374
2376
2386
2387
2391
2393
2395
2409
2410
1912
2428
1917
2429
2430
2433
2446
2449
1938
1941
1943
1946
2460
2464
2467
2468
2469
2471
1962
2477
2478
2482
2485
2489
2492
1983
1984
1985
1986
2500
2504
1993
2507
2005
2520
2526
2019
2020
2539
2030
2542
2543
2546
2550
2551
2040
2043
2556
2045
2046
2559
