1032
1036
1060
1573
1576
1066
1067
1583
1587
1591
1082
1596
1611
1099
1100
1104
1628
1120
1635
1636
1129
107
1647
1649
1655
637
1661
1680
1682
1691
1190
1192
1706
1715
1716
1215
1727
1728
1729
1221
1227
1229
1742
1231
1235
1764
1257
1261
1783
1273
1786
1277
1279
1282
1284
1298
1303
1820
1824
1315
1828
1322
1841
1345
1857
1347
1859
1871
1873
1875
1373
1887
1379
1893
1894
1899
1903
896
1413
902
1423
1426
917
1429
1432
942
1454
1459
1462
957
1475
1479
971
975
1489
981
1495
984
988
1502
1503
483
1515
1009
1014
1019
1021
