1551
1040
1554
1556
1559
1059
1584
1589
1078
1079
1083
1086
1600
1603
1605
1610
1101
1613
1107
1619
1620
1621
1623
1117
1125
1126
1130
107
1132
1652
1146
1662
1153
1665
1668
1163
1172
1175
1181
1185
1707
1199
1712
1714
1721
1211
1730
1219
1222
1736
1737
1741
1230
1746
1238
1757
1250
1256
1269
1789
1793
1285
1287
1288
1289
1800
1291
1804
1809
1813
1816
1823
1826
1827
1832
1833
1839
1331
1335
1336
1849
1340
1341
1351
1352
1864
1868
1361
1367
1879
1370
1886
1376
1888
1380
1898
1902
1391
1399
906
916
1431
925
1449
1456
1457
946
1471
960
966
1488
978
1491
980
982
983
999
1004
1516
1006
1522
1017
