2053
2054
2567
2571
2062
2068
2071
2072
2592
2081
2551
2598
2087
1577
2608
2609
2111
2117
2629
2127
2642
2643
2135
2137
2138
2649
2143
2148
2153
2161
2180
2183
2187
2189
2191
2194
2196
2199
2203
2239
2247
2250
2264
2268
2279
2282
2283
2285
2289
2292
2293
2302
2315
2316
2319
2327
2330
2332
2333
2336
2338
2347
2351
2367
2368
2372
2384
2394
2398
2417
2420
1912
1920
2436
1926
1932
2445
2451
1940
1941
1945
1948
2461
2468
1959
2472
2473
1465
2491
1985
1994
2508
2509
2510
2511
2007
2533
2028
2543
2032
2547
2039
2042
2555
2047
