2560
2561
2052
2053
2054
2055
2564
2567
2059
2572
2573
2062
2575
2064
2578
2579
2068
2069
2582
2071
2073
2586
2588
2078
2590
2592
2081
2593
2083
2551
2594
2086
2087
2088
1577
2090
2597
2598
2093
2599
2095
2600
2601
2098
2602
2604
2605
2102
2103
2555
2608
2609
2611
2108
2109
2615
2111
2112
2619
2623
2115
2624
2117
2118
2625
2629
2630
2631
2123
2124
2125
2559
2127
2128
2638
2642
2131
2643
2133
2134
2135
2136
2137
2138
2139
2140
2646
2142
2143
2144
2649
2654
2148
2149
2150
2151
2153
2161
2163
2165
2172
2176
2180
2183
136
2184
2187
2188
2189
2190
2191
2194
2196
2199
2201
2206
2210
2212
2215
2216
2218
2220
2223
2224
2229
1718
2232
2233
2237
2239
2240
2241
2244
2246
2247
2250
2253
2257
2259
2261
2266
2268
2271
2275
2276
2278
2279
2282
2283
2285
2289
2290
2292
2293
2295
2298
2300
2302
2306
2309
2315
2319
2323
2324
2327
2328
2329
2331
2332
2333
2334
2336
2338
2340
2347
2348
2351
2353
2354
2355
2356
2606
2363
2607
2369
2370
2372
2374
2381
2384
2385
2386
2392
2394
2395
2398
2407
2408
2409
2410
2414
2417
2420
2423
1912
2428
1917
1918
2429
1920
2430
2433
2436
1925
1926
2438
1932
2446
1938
1939
2451
1941
1943
1945
1946
2458
1948
2461
2462
2463
2464
1953
2465
2467
2468
2469
1959
2471
2472
1962
2473
2478
2482
1971
2485
1465
2489
1979
2491
2492
1983
1984
1985
2495
2496
1989
2501
2502
1993
1994
2506
2507
1997
2508
2510
2511
2512
2516
2005
2007
2519
2521
2526
2020
2021
2533
2537
2026
2028
2030
2542
2032
2033
2544
2546
2037
2038
2039
2040
2042
2043
2045
2046
2047
