1539
1029
1039
1551
1554
1559
1048
1054
1570
1580
1584
1589
1078
1079
1590
1086
1603
1610
1612
1613
1617
1621
1622
1116
1117
1124
1637
1126
107
1643
1146
1663
1669
1160
1675
1173
1175
1689
1182
1185
1191
1195
1707
1199
1201
1714
1205
1211
1730
1222
1735
1736
1230
1746
1238
1753
1243
1761
1250
1255
1768
1772
1265
1267
1269
1280
1795
1800
1291
1804
1293
1823
1827
1833
1835
1839
1329
1330
1331
1842
1334
1335
1339
1341
1861
1352
1359
1369
1376
1377
1888
1390
1391
1902
1409
1431
921
925
926
927
934
1447
1456
946
947
952
1491
980
993
997
1509
1516
1522
1524
1528
1530
1535
