2560
2561
2563
2564
2056
2058
2573
2578
2579
2069
2073
2586
2078
2590
2593
2083
2084
2551
2088
2600
2601
2602
2604
2095
2607
2098
2611
2615
2104
2619
2109
2112
2624
2625
2118
2630
2122
2123
2124
2638
2140
2142
2654
2655
2150
2164
2165
2172
2184
2188
2190
2200
2201
2206
2212
2218
2229
2233
2240
2244
2257
2266
2271
2275
2278
2290
2299
2300
2323
2324
2329
2333
2339
2340
2347
2348
2352
2356
2369
2374
2376
2381
2395
2409
2410
2414
2423
1912
1917
1918
2430
1929
1942
1946
2464
1966
1971
2485
1979
2492
1983
1984
1985
2495
2500
2504
1993
2506
2507
2520
2521
2536
2026
2030
2542
2543
2037
2549
2550
2552
2553
2554
2043
2045
2559
