2052
2053
2054
2567
2057
2572
2068
2582
2071
2589
2081
2594
2597
2598
2087
1577
2608
2102
2616
2111
2117
2629
2125
2127
2128
2643
2133
2134
2135
2138
2148
2149
2153
2169
2174
2176
2180
2183
2187
2189
2191
2194
2196
2199
2215
2223
2239
2249
2250
2254
2259
2264
2268
2279
2282
2283
2285
2289
2292
2293
2294
2302
2305
2315
2319
2327
2328
2332
2333
2336
2338
2347
2351
2384
2385
2398
2417
1912
1920
2434
1932
2445
1948
2461
2463
1959
2471
1465
2491
1987
1994
2508
2509
2510
2511
2007
2537
2028
2543
2547
2038
2039
2042
2555
2047
