1026
1538
1542
1556
1559
1563
1059
1572
1584
1076
1589
1078
1079
1086
1603
1612
1107
1621
1623
1124
1125
1126
1128
107
1132
1652
1653
1149
1662
1153
1665
1156
1668
1675
1181
1184
1185
1707
1198
1199
1714
1211
1730
1735
1736
1737
1746
1242
1757
1761
1250
1765
1269
1789
1278
1793
1799
1288
1800
1291
1809
1302
1816
1823
1826
1827
1833
1839
1845
1335
1339
1340
1341
1344
1352
1868
1365
1877
1367
1879
1375
1376
1888
1391
1399
1416
1431
926
1456
946
952
966
1488
1491
983
999
1004
1516
1006
1017
1530
1532
