1026
1029
1551
1553
1554
1559
1048
1563
1056
1059
1580
1584
1074
1590
1084
1086
1598
1600
1603
1604
1608
1609
1612
1613
1620
1621
1623
1117
1124
1637
1639
107
1643
1135
1652
1146
1149
1663
1156
1669
1160
1675
1164
1173
1685
1175
1182
1185
1191
1198
1199
1201
1714
1205
1717
1211
1214
1730
1222
1734
1753
1243
1761
1765
1255
1768
1772
1265
1267
1269
1280
1795
1290
1291
1804
1811
1813
1305
1823
1312
1833
1323
1835
1839
1329
1330
1842
1334
1344
1861
1352
1359
1361
1376
1377
1888
1891
1380
1389
1390
1391
1902
897
1409
906
1420
1431
921
925
927
1447
946
1460
1470
967
1483
980
995
997
1509
1516
1519
1522
1535
