1024
1538
1028
1547
1551
1554
1557
1559
1563
1570
1059
1571
1580
1584
1076
1589
1078
1079
1083
1597
1086
1598
1603
1608
1610
1612
1101
1613
1614
1617
1107
1619
1620
1621
1622
1623
1117
1632
1123
1125
1126
1128
1130
107
1132
1643
1653
1146
1149
1662
1663
1153
1665
1156
1668
1669
1163
1675
1683
1172
1685
1175
1689
1181
1184
1185
1191
1707
1198
1199
1712
1714
1207
1721
1211
1214
1730
1734
1735
1736
1737
1741
1230
1746
1237
1238
1750
1752
1753
1242
1243
1757
1761
1250
1255
1256
1768
1267
1269
1782
1271
1272
1789
1791
1793
1795
1796
1287
1288
1289
1290
1291
1799
1800
1804
1809
1810
1813
1302
1305
1819
1823
1312
1827
1835
1839
1329
1330
1842
1334
1335
1336
1849
1339
1340
1341
1351
1352
1867
1361
1367
1879
1370
1886
1375
1376
1377
1888
1390
1391
1902
1398
1399
1401
1402
1416
1420
1431
921
925
934
1449
1456
1457
946
947
1463
952
1467
1471
960
966
967
1480
1488
978
1491
980
982
983
993
1509
999
1004
1516
1006
1520
1522
1017
1530
1532
