2052
2053
2054
2567
2068
2582
2071
2588
2589
2592
2081
2597
2598
2087
1577
2609
2102
2617
2111
2117
2629
2125
2127
2642
2643
2133
2134
2135
2138
2653
2144
2148
2149
2153
2169
2176
2183
2187
2189
2191
2194
2199
2215
2224
1718
2241
2246
2247
2268
2273
2279
2282
2283
2289
2292
2294
2302
2315
2319
2325
2328
2330
2332
2333
2336
2338
2344
2347
2351
2372
2384
2417
2419
2420
1912
1920
2434
1932
1940
1941
1945
1947
1948
2461
2463
2465
1954
1959
2471
2472
2475
1465
2491
2496
2498
1994
2510
2511
2002
2007
2010
2533
2026
2028
2543
2032
2039
2042
2555
2047
