1026
1540
1029
1547
1554
1557
1559
1048
1570
1059
1075
1076
1078
1590
1086
1598
1600
1608
1610
1612
1101
1614
1617
1620
1621
1110
1622
1123
1124
1637
1126
1639
1130
107
1132
1644
1652
1146
1662
1663
1153
1156
1668
1675
1180
1185
1191
1195
1196
1707
1201
1717
1724
1214
1730
1222
1736
1741
1230
1765
1255
1768
1774
1265
1269
1782
1272
1789
1280
1288
1800
1291
1804
1809
1811
1302
1305
1819
1823
1312
1827
1833
1835
1329
1842
1331
1334
1846
1851
1861
1863
1352
1867
1879
1376
1377
1888
1891
1380
1390
1391
1902
1398
1405
1409
1416
906
1420
916
1431
925
927
934
1447
1456
1457
1460
1467
1471
960
967
1480
1484
1485
980
993
1509
1513
1003
1006
1522
1528
