2560
2561
2564
2055
2056
2567
2059
2573
2574
2575
2064
2065
2069
2073
2074
2586
2078
2590
2593
2088
2600
2090
2601
2602
2093
2604
2606
2607
2098
2611
2103
2104
2615
2619
2108
2109
2623
2112
2115
2118
2631
2121
2123
2124
2638
2131
2646
2139
2142
2147
2150
2164
2165
2172
2184
2200
2201
2206
2208
2210
2212
2213
2218
2220
2229
2233
2237
2240
2244
2253
2258
2261
2266
2271
2275
2276
2278
2290
2293
2299
2308
2309
2311
2323
2324
2326
2329
2331
2334
2340
2347
2348
2354
2363
2369
2370
2374
2376
2386
2392
2395
2404
2407
2408
2409
2410
2423
1912
2428
1917
2433
1929
2446
1938
1941
1943
1946
2460
2464
1953
2467
2468
2469
1962
1966
2482
1971
2485
2489
1979
1983
1984
1985
1989
2501
1993
2506
2507
2521
2526
2020
2030
2543
2546
2037
2550
2551
2553
2556
2045
2046
2559
