526
1551
1554
1047
1048
1049
1559
1563
1056
1570
1059
1571
1584
1074
1589
1078
1604
1608
1609
1610
1101
1613
1107
1620
1621
1110
1117
1124
1125
1126
1639
107
1643
1663
1669
1160
1675
1172
1173
1175
1182
1195
1707
1199
1205
1211
1214
1730
1219
1222
1736
1230
1238
1243
1768
1267
1791
1280
1800
1290
1291
1804
1811
1823
1827
1833
1323
1835
1839
1329
1842
1331
1335
1861
1863
1352
1864
1868
1359
1361
1879
1376
1377
1888
1898
1388
1390
1393
1399
1407
897
916
1431
926
932
1447
953
1470
966
1488
978
1491
980
993
997
1003
1516
1517
1006
1528
