1538
1028
1554
1557
1559
1563
1059
1572
1584
1076
1589
1078
1083
1597
1086
1603
1610
1612
1101
1613
1614
1617
1107
1621
1622
1623
1112
1632
1123
1124
1125
1126
1128
1130
107
1132
1643
1653
1146
1149
1662
1663
1665
1156
1668
1669
1683
1685
1689
1181
1184
1185
1707
1196
1198
1199
1714
1717
1721
1211
1730
1735
1736
1737
1746
1750
1752
1753
1243
1757
1761
1250
1255
1768
1769
1774
1267
1269
1782
1272
1789
1795
1796
1287
1800
1804
1810
1813
1302
1816
1305
1819
1823
1826
1827
1833
1323
1835
1836
1839
1329
1845
1335
1849
1339
1340
1341
1344
1351
1352
1867
1365
1877
1367
1879
1886
1375
1376
1377
1888
1390
1391
1398
1399
897
1416
1420
916
1431
925
927
934
1449
946
947
952
1467
1471
960
966
1485
1491
993
1509
999
1003
1004
1516
1006
1520
1522
1017
