1026
1538
1028
1542
1547
1551
1040
1554
1557
1559
1048
1049
1563
1059
1571
1580
1584
1076
1078
1079
1590
1083
1597
1086
1598
1603
1092
1604
1605
1608
1609
1610
1612
1101
1613
1614
1617
1107
1621
1622
1623
1117
1632
1124
1125
1126
1637
1128
1639
107
1132
1643
1135
1146
1149
1662
1663
1153
1665
1156
1668
1669
1163
1675
1683
1172
1685
1689
1181
1182
1184
1185
1191
1707
1198
1199
1712
1714
1717
1721
1722
1211
1214
1730
1222
1734
1735
1736
1737
1230
1746
1238
1750
1752
1753
1242
1243
1754
1757
1761
1250
1765
1255
1256
1768
1772
1267
1269
1782
1272
1793
1795
1796
1287
1799
1289
1290
1291
1800
1293
1804
1810
1813
1302
1816
1305
1819
1823
1312
1827
1833
1835
1839
1329
1330
1331
1842
1845
1334
1335
1849
1339
1341
1344
1352
1864
1867
1868
1361
1365
1367
1879
1369
1370
1886
1375
1376
1377
1888
1891
1388
1390
1391
1902
1399
1409
1411
1416
1420
916
1431
921
925
927
1439
932
934
1447
1449
1456
946
947
952
953
1467
1471
966
967
1483
978
1491
980
982
993
1509
999
1003
1004
1516
1520
1522
1524
1528
1017
1530
