2563
2564
2055
2056
2059
2573
2575
2064
2576
2578
2073
2074
2586
2078
2590
2593
2083
2086
2088
2601
2090
2602
2604
2093
2095
2607
2098
2611
2615
2104
2619
2623
2112
2624
2115
2118
2630
2631
2121
2122
2123
2638
2131
2646
2139
2140
2142
2654
2150
2154
2164
2165
2172
2179
2184
2188
2190
2200
2201
2206
2213
2229
2233
2237
2240
2244
2253
2258
2266
2271
2275
2276
2278
2290
2299
2307
2308
2309
2323
2324
2326
2331
2339
2340
2347
2352
2353
2354
2356
2359
2363
2369
2370
2374
2376
2381
2386
2392
2404
2409
2410
2414
2418
2423
1912
2428
1917
1918
2429
1925
1929
2446
1938
1941
1943
1946
2462
2464
1953
2469
1962
2477
1966
2478
1971
2485
2489
1979
2492
1983
1984
1986
2500
1989
2504
1993
2506
2507
1997
2520
2526
2020
2536
2539
2030
2542
2543
2033
2037
2549
2551
2553
2554
2556
2559
