1032
1036
1051
1569
1062
1066
1582
1583
1591
1081
1595
1596
1089
1093
1099
1100
1102
1108
1624
1638
107
1649
1143
1661
1152
1667
1158
1159
1672
1166
1167
1170
1183
1189
1706
1204
1213
1725
1215
1729
1732
1221
1739
1742
1231
1235
1751
1241
1245
1246
1259
1261
1263
1781
1273
1785
1275
1786
1277
1281
1282
1794
1292
1807
1812
1303
1820
1309
1311
1824
1316
1828
1324
1848
1338
1345
1347
1871
1366
1373
1887
1893
1382
1894
1906
1907
1396
896
898
1413
1415
917
919
1444
1451
941
942
1454
1459
954
1469
1472
964
969
1481
971
1489
1495
984
1502
1503
1504
483
1507
1508
1515
1005
1525
1014
1529
1020
