1024
1539
1029
1039
1551
1553
1559
1570
1059
1580
1589
1078
1079
1086
1598
1600
1092
1605
1609
1101
1613
1620
1622
1626
1117
1124
1637
107
1132
1643
1652
1146
1662
1663
1153
1668
1669
1160
1172
1173
1175
1180
1702
1191
1707
1199
1712
1201
1722
1211
1723
1730
1222
1736
1238
1243
1757
1256
1768
1772
1789
1791
1280
1793
1797
1289
1804
1813
1823
1321
1833
1323
1839
1329
1842
1845
1846
1335
1849
1341
1858
1861
1863
1864
1359
1361
1879
1370
1376
1377
1888
1388
1902
1911
1407
897
1409
916
925
1437
927
1447
953
1471
960
1480
1483
993
995
997
1509
1006
1522
1530
