2052
2053
2054
2567
2062
2068
2071
2072
2592
2081
2594
2597
2598
2087
1577
2609
2101
2102
2617
2111
2629
2125
2127
2128
2643
2135
2649
2138
2148
2149
2151
2153
2161
2169
2174
2180
2183
2187
2191
2194
2196
2199
2203
2223
2224
2239
2264
2267
2279
2282
2283
2285
2292
2293
2302
2315
2319
2327
2328
2332
2333
2336
2343
2344
2347
2351
2372
2377
2384
2398
2420
1912
1920
2436
1926
1932
1940
1941
1945
2458
1947
1948
2461
2465
1954
1955
2468
1959
2475
1465
2496
1994
2508
2510
2511
2512
2516
2007
2529
2533
2026
2028
2543
2032
2547
2039
2042
2555
2047
