1026
1028
1540
1551
1554
1557
1047
1559
1563
1059
1584
1075
1076
1589
1078
1590
1597
1600
1603
1610
1612
1613
1621
1622
1124
1126
1639
107
1643
1146
1659
1662
1663
1156
1669
1675
1164
1683
1173
1685
1689
1180
1184
1185
1700
1195
1707
1714
1205
1717
1211
1730
1222
1746
1238
1750
1752
1761
1765
1255
1256
1768
1265
1267
1272
1791
1793
1283
1795
1799
1800
1290
1804
1813
1816
1819
1312
1827
1833
1323
1835
1327
1330
1842
1334
1846
1861
1352
1361
1877
1367
1376
1377
1888
1891
1388
1390
1391
1411
906
1420
1431
921
925
927
953
1467
967
1485
978
980
997
1509
1003
1516
1523
1530
