1547
1554
1559
1571
1580
1584
1076
1078
1079
1594
1083
1086
1598
1603
1092
1604
1605
1612
1101
1617
1619
1621
1622
1126
107
1146
1663
1153
1665
1669
1160
1675
1173
1685
1175
1180
1195
1707
1199
1714
1205
1721
1722
1211
1730
1734
1737
1230
1746
1238
1250
1256
1782
1271
1280
1288
1800
1291
1809
1816
1823
1826
1827
1833
1331
1861
1352
1867
1868
1359
1361
1367
1879
1370
1886
1376
1377
1888
1380
1898
1388
1390
1399
897
1431
1437
932
1447
1456
946
1463
953
1470
1471
1483
1488
995
997
1003
1004
1516
1006
1517
1017
