1026
1538
1542
1547
1551
1040
1554
1557
1559
1563
1056
1059
1571
1068
1580
1584
1074
1589
1078
1079
1590
1598
1603
1604
1609
1610
1101
1613
1617
1107
1619
1621
1622
1117
1124
1125
1126
1128
107
1132
1644
1146
1663
1153
1665
1668
1669
1160
1172
1173
1689
1180
1181
1184
1707
1199
1712
1714
1205
1211
1723
1214
1730
1219
1222
1736
1230
1746
1238
1750
1757
1250
1768
1772
1267
1271
1272
1791
1280
1796
1285
1800
1290
1291
1804
1809
1810
1816
1823
1312
1827
1833
1835
1839
1842
1331
1845
1334
1335
1351
1352
1864
1867
1868
1359
1361
1367
1879
1370
1376
1377
1888
1388
1390
1391
1393
1399
916
1431
921
925
1437
934
1447
1456
946
952
953
1471
960
966
1483
1488
978
1491
980
983
993
997
1516
1006
1520
1017
1530
1535
