2052
2054
2068
2582
2072
2588
2589
2592
2598
2087
1577
2608
2102
2616
2617
2111
2117
2629
2125
2642
2643
2132
2133
2134
2649
2138
2143
2149
2151
2153
2174
2176
2180
2183
2187
2189
2194
2196
2198
2199
2203
2224
1718
2246
2247
2249
2250
2273
2279
2283
2289
2292
2294
2295
2302
2304
2327
2328
2332
2336
2338
2343
2344
2347
2368
2372
2377
2384
2385
2398
2399
2419
1912
1916
2434
2436
1926
2451
1940
1941
1945
1947
1948
2461
2463
1954
1955
1959
2471
2472
2475
1465
2491
2498
1987
2502
2509
2511
2512
2002
2516
2007
2519
2010
2032
2038
2039
2042
2047
