3076
3082
3088
3089
3101
3102
3106
3115
3120
3132
3146
3148
3150
3152
3169
3170
2661
3179
3182
3185
2674
3188
3198
3201
3206
3212
3214
1684
2719
3239
3247
3252
2742
3258
2748
3261
2753
3265
3267
3272
2765
3280
2770
2778
3291
2780
2781
3296
3297
3298
2787
3302
2791
2793
3306
3320
3321
3330
3332
3335
2828
3344
2833
3347
3350
3351
3360
2849
2853
2863
2869
3381
2875
2876
3391
3396
3397
2894
3411
2901
2904
3416
3418
3419
3422
3431
3434
2937
2939
2950
2970
2973
2989
2991
3009
3021
3027
3035
3038
3049
3051
3060
3070
