2052
2054
2567
2066
2071
2588
2081
2597
2598
2087
1577
2102
2111
2116
2629
2125
2637
2128
2641
2643
2132
2133
2134
2135
2649
2138
2141
2653
2144
2145
2149
2151
2153
2155
2169
2175
2176
2180
2182
2187
2191
2194
2196
2198
2199
2209
2211
2223
2226
1718
2232
2233
2239
2242
2246
2247
2250
2267
2268
2270
2272
2282
2283
2289
2292
2295
2296
2302
2304
2315
2318
2322
2325
2328
2332
2333
2336
2344
2351
2362
2366
2368
2384
2398
2416
2419
2420
1912
2425
1916
1923
1926
1939
1941
1944
1945
1947
2461
2463
2471
2472
2475
1964
2480
1465
2509
2510
2002
2003
2516
2518
2007
2010
2525
2533
2028
2029
2540
2031
2032
2543
2038
2039
2042
2555
2557
2047
