1024
1539
1542
1547
1559
1048
1049
1059
1580
1584
1075
1076
1589
1078
1079
1083
1597
1598
1600
1604
1605
1610
1612
1613
1617
1107
1619
1620
1623
1116
1125
1126
107
1132
1653
1149
1662
1663
1153
1665
1156
1668
1163
1172
1688
1689
1181
1184
1185
1707
1198
1199
1712
1714
1717
1207
1209
1721
1211
1724
1730
1222
1736
1737
1741
1746
1238
1242
1757
1250
1256
1269
1271
1793
1287
1288
1799
1800
1804
1809
1810
1302
1826
1827
1835
1839
1330
1331
1335
1339
1341
1344
1352
1864
1867
1868
1367
1370
1886
1376
1377
1888
1380
1898
1390
1391
1902
1399
1402
1409
906
1431
1437
1447
1456
1457
946
947
1471
960
966
1480
1483
1488
1003
1004
1516
1006
1520
1522
1017
