1026
1028
1547
1551
1553
1554
1557
1559
1048
1049
1563
1570
1059
1584
1074
1075
1076
1589
1078
1079
1590
1086
1600
1603
1604
1608
1609
1612
1101
1613
1617
1107
1620
1621
1110
1622
1116
1117
1632
1124
1125
1126
1639
1128
107
1132
1643
1135
1146
1659
1663
1153
1668
1669
1683
1173
1685
1175
1688
1689
1181
1182
1184
1185
1707
1199
1712
1714
1205
1718
1209
1211
1214
1730
1735
1230
1746
1238
1750
1752
1243
1761
1250
1765
1255
1768
1267
1269
1791
1795
1799
1800
1290
1804
1293
1816
1821
1823
1312
1826
1827
1833
1835
1839
1329
1842
1331
1845
1335
1851
1351
1352
1864
1868
1877
1367
1879
1369
1370
1886
1376
1377
1888
1380
1898
1388
1390
1391
1393
1399
897
1420
916
1431
921
934
946
947
1460
952
1467
966
967
1488
978
1491
982
993
1513
1004
1516
1006
1528
1017
1530
1532
