3075
3082
3101
3102
3106
3113
3116
3132
3140
3145
3152
3154
3160
3162
3168
3170
3172
2662
3182
3185
2674
3186
2684
3198
3201
3204
2708
1684
3224
2716
2719
2720
2724
3240
2737
3252
2742
2748
3260
3261
2753
3267
3274
3277
3280
2775
3287
3288
2778
3291
3296
3298
3299
2793
2796
3320
3321
3330
3332
2823
2828
3344
2833
3347
3350
3351
3353
3355
2845
3373
2863
3378
2868
2869
3381
3386
3396
3397
3406
2901
3419
3434
2936
2937
2939
2951
2964
2965
2973
2989
2991
2992
2995
3002
3017
3019
3024
3027
3035
3038
3060
