3076
3079
3082
3100
3101
3102
3106
3111
3113
3115
3116
3120
3132
3145
3150
3169
3170
3172
2661
3179
3182
2672
3185
3201
3204
3206
2701
2707
1684
2708
3225
2716
2720
3239
3240
3252
2742
3258
3261
3262
2753
3267
3274
3277
3280
3281
3287
3288
2778
3291
2785
3297
3298
2793
2796
2797
3320
3330
3332
2823
2828
3344
2833
3345
3347
3350
3351
2840
3353
3355
2853
3367
2863
3377
3378
2869
3381
3386
2875
3391
2881
3396
3397
2894
3406
3422
3434
2936
2937
2939
2973
2976
2991
2992
3005
3017
3035
3039
3051
3060
