1026
1540
1029
1547
1551
1554
1047
1048
1049
1559
1563
1056
1570
1584
1074
1075
1076
1589
1078
1079
1086
1600
1603
1604
1609
1610
1101
1613
1617
1620
1621
1110
1622
1626
1117
1124
1126
1639
107
1132
1643
1646
1135
1146
1659
1663
1665
1669
1160
1675
1683
1172
1173
1685
1688
1689
1180
1181
1184
1702
1199
1205
1721
1211
1723
1214
1730
1219
1222
1230
1746
1238
1243
1765
1255
1256
1768
1272
1791
1280
1796
1799
1800
1291
1804
1805
1809
1811
1305
1826
1827
1321
1833
1323
1835
1327
1839
1329
1842
1845
1334
1335
1337
1861
1352
1864
1867
1868
1359
1361
1367
1879
1885
1376
1377
1888
1891
1898
1388
1389
1391
1393
1399
1911
1420
913
1431
921
925
1437
932
1447
947
953
1470
966
967
1483
1485
1487
1488
978
1491
980
1497
993
995
484
997
1516
1517
1006
1520
1528
1530
1535
