1538
1542
1547
1551
1040
1554
1557
1559
1563
1059
1571
1068
1580
1584
1074
1076
1589
1078
1079
1083
1086
1598
1603
1604
1610
1612
1101
1613
1617
1107
1619
1621
1622
1623
1117
1123
1124
1125
1126
1639
1130
107
1132
1652
1146
1153
1665
1668
1669
1160
1683
1172
1175
1689
1181
1184
1185
1707
1199
1712
1714
1211
1214
1730
1219
1222
1735
1736
1230
1746
1238
1750
1243
1757
1250
1255
1256
1768
1772
1774
1267
1272
1789
1280
1796
1285
1799
1800
1804
1293
1809
1810
1816
1823
1827
1833
1323
1835
1839
1329
1842
1331
1845
1335
1351
1352
1864
1361
1879
1370
1376
1377
1888
1891
1380
1388
1390
1391
1399
916
1431
922
1437
1447
1456
946
1460
952
953
1467
1471
966
1480
1488
978
1491
980
983
993
1003
1004
1516
1006
1520
1017
1530
