1026
1538
1028
1539
1551
1554
1557
1559
1048
1563
1054
1570
1059
1584
1076
1589
1078
1079
1590
1083
1597
1600
1603
1608
1610
1101
1613
1614
1617
1107
1619
1621
1622
1623
1112
1632
1123
1125
1126
1637
1128
1639
1130
107
1132
1643
1135
1652
1653
1146
1149
1662
1663
1156
1668
1669
1675
1683
1685
1175
1689
1181
1182
1184
1185
1195
1196
1707
1198
1199
1714
1717
1209
1721
1211
1730
1735
1736
1737
1741
1230
1746
1238
1750
1752
1753
1242
1243
1757
1761
1250
1765
1255
1768
1769
1774
1267
1269
1782
1271
1272
1789
1791
1795
1796
1287
1799
1289
1290
1800
1804
1810
1302
1816
1305
1819
1823
1312
1826
1827
1833
1835
1836
1839
1329
1331
1334
1335
1849
1339
1340
1341
1851
1344
1351
1352
1867
1361
1365
1877
1367
1879
1370
1886
1375
1376
1377
1888
1891
1388
1390
1391
1398
1399
1405
897
1416
1420
916
1431
921
925
927
934
1447
1449
1457
946
947
952
1467
1471
960
1480
1485
978
1491
980
993
1509
999
1003
1004
1516
1006
1520
1522
1528
1017
1530
