2560
2561
2564
2055
2056
2058
2059
2063
2064
2575
2578
2067
2579
2069
2073
2586
2077
2078
2590
2591
2593
2551
2084
2086
2088
2552
2090
2600
2092
2093
2601
2095
2602
2604
2606
2607
2611
2103
2104
2615
2619
2108
2109
2623
2112
2624
2625
2115
2118
2630
2631
2121
2123
2124
2638
2131
2139
2140
2142
2654
2655
2150
2154
2164
2165
2172
2184
2188
2189
2190
2200
2201
2206
2207
2210
2212
2216
2218
2220
2229
2233
2234
2237
2240
2244
2253
2257
2266
2271
2275
2276
2278
2290
2299
2303
2306
2307
2308
2309
2311
2324
2326
2331
2334
2339
2340
2347
2352
2354
2356
2359
2369
2370
2374
2376
2381
2386
2387
2392
2393
2395
2404
2410
2414
2423
1912
2426
2428
1917
1918
2429
2430
2445
2446
2449
1938
1941
1942
1943
1946
2460
2462
2464
1953
2467
2468
2469
1962
2477
1966
2478
2482
1971
2484
1979
2492
1983
1984
1985
1986
2499
2500
1989
2504
1993
2506
2507
1997
2005
2007
2520
2521
2524
2019
2020
2021
2536
2026
2539
2030
2542
2543
2033
2037
2549
2550
2040
2553
2043
2556
2045
