2560
2564
2059
2574
2575
2578
2073
2586
2077
2078
2590
2591
2593
2084
2088
2090
2602
2604
2093
2095
2607
2611
2613
2103
2104
2615
2619
2108
2109
2112
2624
2625
2118
2630
2123
2124
2131
2139
2140
2142
2654
2655
2154
2164
2165
2172
2179
2190
2201
2206
2213
2218
2220
2229
2233
2240
2244
2253
2261
2266
2275
2276
2290
2299
2308
2309
2323
2324
2326
2331
2340
2347
2352
2354
2359
2363
2370
2374
2376
2381
2386
2410
2414
1912
1917
1918
2430
2433
1929
2446
1938
1943
1946
2464
2467
2468
1962
1966
2482
1971
2485
1979
2492
1983
1984
1985
1986
2495
1993
1997
2526
2532
2021
2536
2539
2030
2542
2033
2546
2037
2549
2551
2552
2553
2554
2043
