1024
1538
1539
1547
1556
1557
1559
1059
1572
1584
1078
1083
1086
1598
1600
1604
1610
1612
1101
1613
1617
1107
1620
1621
1622
1112
1632
1125
107
1132
1643
1652
1653
1662
1663
1153
1665
1156
1668
1163
1683
1175
1689
1180
1184
1185
1707
1198
1199
1712
1714
1717
1207
1209
1214
1736
1737
1746
1750
1242
1250
1256
1796
1799
1800
1291
1804
1810
1819
1827
1833
1331
1335
1339
1340
1341
1344
1861
1867
1877
1367
1879
1375
1376
1888
1380
1390
1391
1416
1431
1456
1463
1471
960
966
1480
1488
1491
1003
1004
1516
1006
1532
