2052
2053
2054
2567
2068
2582
2071
2072
2592
2081
2597
2598
2087
1577
2609
2102
2617
2111
2117
2629
2125
2128
2643
2134
2135
2649
2138
2143
2144
2148
2151
2153
2163
2169
2183
2187
2191
2194
2196
2199
2224
1718
2241
2246
2247
2250
2267
2273
2279
2282
2283
2289
2292
2294
2295
2302
2315
2319
2327
2328
2332
2333
2336
2338
2344
2347
2351
2372
2377
2384
2420
1912
1920
2434
2436
1932
1939
1940
1941
1945
1947
2461
2463
2465
1954
1959
2471
2472
2475
1465
2491
1994
2510
2511
2516
2007
2010
2524
2533
2026
2028
2543
2032
2038
2039
2042
2555
2047
