1026
1539
1028
1029
1540
526
1551
1554
1557
1047
1048
1049
1559
1563
1056
1570
1059
1584
1075
1076
1589
1078
1079
1590
1597
1086
1598
1600
1603
1604
1608
1609
1610
1612
1613
1614
1617
1620
1621
1110
1622
1623
1117
1124
1637
1126
1639
1128
1130
107
1132
1643
1646
1135
1146
1659
1149
1662
1663
1153
1156
1669
1160
1675
1164
1683
1173
1685
1175
1688
1689
1180
1182
1185
1191
1195
1707
1199
1201
1714
1205
1717
1721
1211
1723
1214
1730
1219
1222
1741
1230
1746
1238
1750
1753
1243
1757
1761
1765
1255
1256
1768
1265
1267
1269
1782
1791
1793
1799
1800
1290
1291
1804
1811
1813
1302
1816
1823
1827
1833
1323
1835
1839
1329
1330
1331
1842
1843
1334
1335
1851
1341
1861
1352
1864
1867
1868
1359
1361
1367
1879
1881
1885
1886
1376
1888
1891
1898
1388
1389
1902
1391
1399
1409
1416
906
1420
913
1431
921
925
927
934
1447
1449
946
947
952
953
1467
1470
1471
967
1483
1487
1488
978
1491
980
1497
993
995
997
1509
1513
1516
1520
1522
1528
1535
