1026
1029
1551
1554
1047
1048
1559
1563
1564
1056
1570
1584
1076
1589
1078
1086
1603
1604
1605
1608
1609
1610
1612
1613
1614
1620
1621
1622
1117
1124
1637
1126
1128
107
1643
1646
1135
1146
1149
1663
1669
1160
1164
1173
1685
1175
1688
1182
1185
1191
1199
1714
1205
1717
1730
1222
1735
1741
1238
1753
1243
1761
1765
1255
1768
1269
1800
1291
1804
1810
1811
1813
1312
1833
1323
1835
1329
1330
1843
1334
1861
1352
1867
1359
1881
1885
1376
1377
1888
1891
1389
1902
1391
1420
913
1431
921
925
927
932
934
1447
1463
953
1470
1471
967
1487
980
1497
993
997
1509
1516
1520
1528
1535
