2052
2054
2567
2066
2068
2582
2071
2072
2588
2589
2592
2081
2594
2598
2087
1577
2603
2608
2610
2102
2616
2617
2111
2629
2125
2637
2127
2642
2135
2649
2138
2141
2653
2143
2144
2145
2149
2151
2153
2155
2169
2174
2175
2176
2180
136
2185
2187
2189
2194
2196
2198
2199
2203
2209
2210
2211
2214
2223
2224
1718
2231
2232
2239
2241
2242
2246
2247
2250
2254
2256
2267
2268
2272
2273
2279
2282
2283
2289
2291
2292
2294
2296
2302
2310
2313
2315
2318
2319
2322
2325
2328
2330
2333
2336
2343
2344
2351
2362
2366
2367
2368
2372
2377
2384
2394
2398
2399
2406
2416
2417
2419
1912
1916
1923
2436
1926
2440
2445
2451
1940
1944
1945
1947
2461
2463
1954
1955
1959
2471
2474
2475
1964
1965
2480
2491
2498
1987
2508
2509
2510
2511
2512
2514
2517
2007
2010
2525
2026
2028
2031
2032
2543
2036
2038
2042
2555
2557
2047
