1024
1028
1547
1551
1559
1570
1059
1584
1589
1078
1590
1597
1086
1598
1603
1092
1608
1613
1107
1619
1621
1622
1125
1126
1637
1128
107
1132
1643
1146
1663
1156
1668
1675
1175
1185
1191
1707
1199
1712
1714
1209
1211
1730
1222
1736
1741
1230
1746
1750
1752
1242
1754
1761
1255
1768
1267
1269
1271
1789
1791
1793
1795
1800
1289
1804
1810
1813
1302
1823
1827
1833
1835
1839
1329
1842
1334
1335
1341
1352
1864
1879
1370
1376
1377
1888
1390
1391
1398
1399
1401
1416
1420
1431
921
925
1437
934
947
952
1467
1471
960
966
1488
1491
982
993
999
1004
1516
1017
1530
