2052
2054
2567
2057
2068
2582
2071
2588
2589
2081
2598
2087
1577
2610
2612
2616
2617
2111
2116
2117
2629
2125
2127
2642
2643
2132
2133
2134
2649
2138
2143
2148
2149
2151
2153
2169
2174
2176
2180
2183
136
2187
2189
2194
2196
2198
2199
2203
2215
2223
2224
1718
2239
2241
2246
2250
2254
2259
2264
2267
2268
2273
2279
2280
2282
2283
2285
2289
2292
2294
2302
2305
2325
2327
2328
2332
2336
2338
2343
2344
2347
2351
2368
2372
2384
2385
2400
2413
2417
2419
1912
1916
1920
2436
1926
2451
1940
1941
1945
1947
1948
2459
2461
2463
1954
1959
2471
2475
1465
2491
2498
1994
2508
2509
2510
2511
2007
2519
2010
2529
2531
2533
2026
2028
2543
2032
2547
2038
2039
2042
2555
2047
