2560
2561
2563
2564
2059
2573
2063
2064
2578
2067
2073
2074
2586
2078
2591
2593
2086
2088
2600
2090
2601
2602
2093
2604
2095
2607
2103
2104
2108
2109
2623
2112
2624
2625
2118
2630
2121
2122
2123
2131
2646
2139
2140
2142
2655
2150
2154
2172
2179
2184
2188
2190
2200
2201
2206
2218
2220
2229
2233
2237
2240
2244
2253
2266
2271
2275
2290
2299
2306
2307
2308
2309
2311
2323
2324
2326
2331
2334
2339
2340
2347
2348
2352
2354
2356
2359
2363
2369
2370
2374
2376
2381
2386
2392
2395
2408
2409
2410
2414
1912
2428
1917
1918
2429
2433
1925
1929
2446
2449
1938
1941
1943
1946
2460
2464
2469
1962
2476
2478
2482
1971
2484
2485
2489
2492
1983
1984
1985
2499
2500
2504
1993
2507
1997
2005
2520
2526
2030
2542
2543
2546
2549
2552
2553
2043
2045
