1024
1538
1539
1028
1547
1551
1557
1559
1059
1572
1584
1076
1589
1078
1079
1597
1603
1608
1612
1613
1617
1107
1621
1622
1623
1125
1126
1128
107
1644
1653
1146
1662
1663
1153
1668
1669
1678
1689
1181
1184
1185
1191
1707
1198
1199
1712
1714
1721
1211
1730
1735
1736
1737
1230
1746
1750
1752
1242
1761
1250
1267
1269
1272
1789
1791
1793
1795
1799
1288
1289
1800
1291
1804
1810
1813
1302
1823
1826
1827
1833
1839
1842
1335
1336
1849
1339
1340
1341
1344
1352
1864
1867
1365
1367
1879
1376
1377
1888
1390
1391
1399
1416
1420
1431
925
934
1457
946
947
952
1467
1471
966
978
980
982
993
999
1004
1516
1522
1017
1530
1532
