1024
1539
1540
1551
1040
1554
1557
1049
1054
1570
1059
1572
1068
1580
1584
1075
1076
1589
1078
1079
1083
1597
1086
1598
1600
1603
1092
1604
1608
1610
1612
1101
1613
1617
1618
1107
1619
1620
1110
1621
1112
1622
1623
1117
1632
1125
1126
1128
107
1132
1643
1644
1652
1653
1146
1659
1149
1662
1663
1153
1665
1156
1668
1163
1683
1172
1173
1175
1689
1184
1185
1191
1707
1198
1199
1712
1714
1717
1207
1209
1721
1211
1724
1730
1735
1736
1737
1741
1230
1746
1237
1750
1752
1242
1757
1250
1255
1256
1768
1771
1267
1271
1789
1791
1793
1795
1796
1287
1288
1289
1290
1291
1799
1800
1804
1809
1811
1302
1816
1305
1819
1823
1827
1833
1835
1327
1839
1330
1331
1842
1843
1335
1849
1339
1340
1341
1344
1352
1867
1868
1361
1877
1367
1879
1370
1886
1375
1376
1888
1380
1902
1391
1399
1402
1416
906
1420
916
1431
921
1435
925
934
1447
1456
1457
946
947
952
953
1467
1471
960
966
967
1480
1485
1488
1491
982
983
993
1509
1003
1004
1516
1006
1520
1522
1523
1524
1017
1530
