1538
1539
1547
1554
1557
1559
1059
1584
1076
1589
1078
1079
1597
1598
1600
1091
1092
1603
1610
1612
1101
1617
1620
1621
1622
1623
1112
1632
1128
107
1643
1644
1652
1653
1146
1659
1149
1662
1663
1163
1683
1688
1689
1181
1184
1185
1707
1198
1199
1714
1717
1209
1721
1211
1730
1735
1736
1741
1746
1750
1752
1242
1757
1250
1267
1789
1795
1796
1287
1799
1289
1290
1291
1800
1804
1810
1302
1816
1819
1827
1833
1835
1330
1331
1842
1335
1849
1339
1344
1352
1867
1877
1367
1879
1886
1375
1888
1390
1391
1399
1416
1420
916
1431
1435
925
1437
946
952
1467
1471
1480
1491
1003
1516
1522
1523
1524
1017
1532
