2052
2053
2054
2567
2068
2582
2071
2072
2589
2592
2081
2594
2597
2598
2087
2599
1577
2608
2609
2099
2102
2617
2111
2117
2629
2125
2127
2128
2642
2643
2132
2133
2134
2135
2137
2138
2649
2653
2143
2144
2148
2149
2153
2161
2176
2180
2183
2187
2189
2191
2194
2196
2199
2223
2224
1718
2239
2241
2246
2247
2250
2267
2268
2273
2279
2282
2283
2285
2289
2292
2293
2302
2304
2315
2325
2327
2328
2332
2333
2336
2338
2344
2345
2347
2351
2368
2372
2377
2384
2398
2399
2420
1912
1916
1920
1926
1932
1940
1941
1945
2458
1947
1948
2461
2465
1954
1955
2468
1959
2471
2472
2475
1970
1465
2491
1994
2508
2509
2510
2511
2002
2516
2007
2010
2529
2533
2026
2028
2543
2032
2547
2038
2039
2042
2047
