1538
1540
1542
1551
1554
1557
1559
1048
1563
1054
1570
1059
1584
1075
1076
1589
1078
1079
1590
1086
1598
1600
1603
1604
1609
1610
1612
1613
1617
1618
1621
1110
1622
1623
1117
1632
1126
1639
107
1644
1652
1653
1146
1659
1663
1153
1668
1669
1675
1678
1683
1173
1175
1689
1181
1184
1707
1199
1712
1714
1205
1207
1209
1721
1723
1724
1730
1222
1736
1737
1746
1238
1750
1752
1242
1757
1250
1255
1256
1768
1267
1271
1789
1795
1799
1288
1800
1804
1811
1816
1819
1312
1826
1827
1835
1340
1344
1861
1352
1867
1868
1359
1361
1877
1367
1375
1376
1377
1888
1891
1898
1390
1391
1416
1420
916
1431
1435
925
1447
1456
946
947
952
953
1470
1471
966
967
1488
978
980
993
1003
1004
1516
1006
1520
1535
