1536
513
1025
515
517
1543
1545
524
526
538
1060
1573
1574
1578
1067
559
1584
566
1080
1595
1086
580
1606
584
591
1104
1616
601
1113
604
1628
614
1128
107
1645
1647
629
1142
1143
1148
639
641
1155
645
1671
1673
1677
1679
1179
1692
669
1694
1189
678
679
1192
1204
1716
1720
1744
1766
1778
1277
1790
1808
1300
1313
1318
1830
1320
1324
1332
1853
1358
1871
1882
1374
353
1897
363
1901
366
373
376
378
896
391
395
1423
400
1427
1429
1436
414
423
936
1448
436
1464
957
1473
1475
1479
968
1487
483
484
1512
1001
492
496
500
1012
1526
1018
