2052
2053
2054
2567
2062
2068
2582
2071
2072
2075
2588
2592
2081
2594
2597
2598
2087
1577
2603
2608
2609
2101
2102
2616
2617
2110
2111
2117
2629
2125
2642
2643
2132
2133
2135
2137
2138
2649
2652
2653
2144
2148
2149
2153
2161
2176
2177
2180
2183
2187
2191
2194
2196
2198
2199
2223
2224
1718
2235
2241
2243
2246
2247
2252
2254
2264
2267
2273
2279
2280
2283
2285
2289
2292
2293
2294
2302
2304
2310
2313
2315
2319
2327
2328
2332
2333
2336
2338
2343
2344
2347
2351
2368
2372
2377
2384
2390
2394
2396
2399
2419
2420
1912
1916
1920
2432
2434
1926
2438
1932
1939
2451
1941
1945
2458
1947
1948
2461
2463
2465
1959
2471
2472
2475
1964
2479
1970
1465
2491
1981
2501
1994
2509
2510
2511
2512
2002
2003
2516
2007
2010
2533
2537
2026
2028
2029
2543
2032
2544
2547
2039
2042
2555
2047
