2560
2564
2055
2056
2059
2060
2574
2575
2064
2579
2069
2074
2586
2077
2078
2590
2593
2083
2084
2086
2088
2600
2090
2602
2604
2093
2606
2095
2607
2611
2103
2104
2615
2619
2108
2109
2112
2625
2115
2118
2630
2121
2122
2123
2124
2638
2131
2136
2139
2140
2142
2654
2655
2150
2154
2164
2165
2184
2188
2200
2201
2206
2210
2213
2216
2218
2220
2229
2233
2244
2253
2257
2261
2266
2271
2275
2276
2278
2300
2303
2307
2309
2323
2326
2331
2334
2339
2340
2348
2352
2353
2354
2356
2359
2363
2369
2370
2374
2376
2381
2391
2393
2395
2404
2408
2410
2414
2418
2423
1912
1917
2433
2449
1943
1946
2464
2468
2469
1962
2477
1966
2482
2484
2485
1979
2492
1983
1984
1985
2495
2499
1989
2504
1993
2506
2507
2520
2521
2526
2536
2539
2030
2542
2033
2037
2549
2550
2553
2043
2556
2045
2046
2559
