1026
1538
1539
1540
1547
1551
1554
1557
1047
1048
1049
1559
1563
1570
1059
1584
1075
1076
1589
1078
1079
1086
1600
1603
1608
1610
1612
1613
1614
1619
1620
1621
1622
1117
1124
1637
1126
107
1643
1644
1135
1653
1659
1149
1662
1663
1669
1160
1675
1164
1165
1683
1172
1173
1685
1175
1689
1182
1184
1185
1195
1199
1714
1205
1717
1209
1721
1723
1214
1726
1730
1222
1734
1741
1230
1746
1238
1753
1243
1757
1761
1250
1255
1768
1265
1267
1269
1791
1793
1795
1796
1799
1800
1290
1291
1293
1813
1302
1305
1823
1827
1833
1323
1835
1329
1842
1334
1340
1344
1861
1352
1867
1365
1877
1367
1879
1886
1376
1377
1888
1891
1898
1390
1391
1399
1420
1431
921
1435
925
927
934
946
1467
1471
967
978
1491
980
993
997
1509
1004
1520
1522
1523
1528
