2052
2053
2054
2567
2057
2572
2068
2582
2071
2592
2081
2597
2598
2087
1577
2608
2609
2102
2111
2629
2125
2127
2128
2642
2643
2134
2135
2649
2138
2653
2144
2148
2149
2153
2169
2180
2183
2187
2191
2194
2196
2198
2199
2223
2224
2235
2239
2247
2249
2250
2279
2282
2283
2292
2293
2294
2302
2315
2327
2328
2333
2336
2338
2347
2351
2368
2372
2384
2385
2399
1912
1916
1920
2434
2438
1932
1939
1941
1945
2458
1948
2463
2465
2473
2475
1465
1987
1994
2508
2509
2510
2511
2512
2002
2007
2533
2028
2543
2032
2039
2042
2555
2047
