1026
1538
1028
1539
1547
1551
1554
1557
1047
1048
1561
1563
1056
1570
1059
1580
1584
1076
1589
1078
1594
1083
1597
1598
1603
1092
1604
1608
1609
1610
1612
1101
1613
1107
1621
1622
1117
1124
1637
1126
1639
107
1132
1643
1135
1146
1149
1662
1663
1153
1665
1668
1669
1160
1163
1675
1683
1172
1173
1175
1689
1182
1184
1185
1191
1199
1712
1714
1205
1717
1211
1723
1214
1730
1222
1223
1735
1736
1741
1230
1746
1238
1750
1752
1753
1242
1243
1757
1761
1250
1255
1256
1768
1772
1267
1269
1782
1271
1272
1789
1791
1793
1287
1799
1800
1290
1291
1804
1809
1810
1811
1813
1816
1305
1823
1826
1827
1833
1323
1835
1839
1329
1330
1331
1842
1843
1334
1335
1849
1341
1861
1352
1864
1868
1359
1361
1365
1879
1369
1370
1376
1377
1888
1891
1898
1389
1902
1391
1399
1402
1409
1420
916
1431
925
1439
934
1447
1456
946
947
953
1467
1470
1471
960
966
967
1485
1488
978
1491
980
993
995
997
1509
1003
1004
1516
1006
1520
1522
1528
1530
1535
