2560
2561
2564
2055
2056
2059
2575
2064
2578
2074
2590
2593
2083
2601
2090
2604
2095
2607
2103
2104
2619
2109
2112
2624
2625
2115
2118
2121
2122
2123
2124
2638
2131
2646
2136
2139
2140
2154
2179
2188
2200
2201
2206
2216
2218
2220
2233
2240
2244
2253
2257
2258
2266
2271
2275
2278
2299
2309
2323
2326
2329
2334
2339
2340
2352
2354
2356
2359
2363
2369
2374
2376
2386
2395
2404
2408
2409
2410
2414
2418
2423
1912
2428
1917
2433
2446
1943
1946
2460
1953
1962
2485
1979
1983
2495
1985
1986
2500
2504
1993
2507
2005
2520
2521
2526
2030
2546
2037
2549
2551
2553
2045
2559
