1026
1539
1540
1029
526
1554
1047
1048
1049
1559
1054
1059
1584
1075
1076
1589
1079
1597
1086
1598
1600
1603
1609
1612
1613
1614
1617
1620
1621
1110
1622
1623
1632
1126
1128
107
1643
1644
1653
1146
1659
1662
1663
1156
1669
1164
1683
1173
1685
1175
1688
1689
1181
1184
1185
1707
1198
1199
1710
1717
1209
1721
1724
1730
1222
1734
1735
1736
1737
1230
1746
1750
1752
1242
1754
1757
1761
1250
1768
1772
1267
1269
1789
1791
1793
1795
1796
1287
1799
1800
1290
1293
1302
1819
1823
1312
1827
1833
1835
1329
1845
1335
1339
1340
1344
1861
1352
1864
1867
1359
1361
1365
1877
1367
1879
1886
1375
1376
1377
1888
1390
1391
1393
1399
1407
1416
906
1420
916
1431
921
925
1456
946
952
967
1488
978
1491
980
993
1003
1004
1516
1519
1520
1522
1523
1524
1528
1017
