2560
2561
2055
2059
2060
2574
2575
2064
2069
2074
2586
2078
2590
2593
2083
2088
2552
2090
2600
2601
2093
2602
2095
2604
2607
2098
2611
2103
2615
2619
2109
2112
2624
2625
2122
2123
2124
2638
2131
2140
2142
2654
2655
2150
2154
2172
2188
2190
2200
2201
2206
2216
2218
2220
2229
2233
2237
2240
2244
2257
2261
2266
2271
2275
2276
2278
2290
2299
2307
2309
2323
2324
2326
2329
2331
2334
2339
2340
2348
2350
2352
2354
2359
2363
2376
2395
2404
2408
2409
2414
2418
2423
1912
1917
1918
2433
1929
1938
1943
1946
2460
2462
2464
1953
2468
2469
1962
2477
1966
1971
2485
1979
2492
2495
1984
1985
1986
2500
1989
1993
2507
2520
2526
2020
2539
2030
2542
2543
2033
2037
2549
2550
2040
2553
2045
2559
