2052
2053
2054
2567
2062
2068
2582
2071
2072
2075
2588
2592
2081
2594
2598
2087
1577
2603
2096
2608
2101
2102
2616
2617
2110
2111
2117
2629
2125
2127
2128
2642
2643
2132
2133
2137
2138
2649
2652
2142
2143
2148
2149
2151
2153
2155
2161
2163
2169
2174
2176
2177
2180
2183
2187
2191
2194
2196
2198
2199
2203
2221
2222
2223
2224
1718
2233
2235
2241
2243
2246
2247
2250
2252
2254
2273
2274
2279
2280
2282
2283
2289
2292
2294
2302
2304
2319
2325
2327
2332
2333
2336
2338
2343
2344
2351
2368
2372
2377
2384
2390
2394
2396
2398
2399
2415
2419
2420
1912
2427
1916
2429
1920
2432
2434
1923
1926
2438
2445
1939
1940
1941
2451
1945
2458
1947
1948
2461
2463
1954
1955
1959
2471
2475
2479
1970
1465
2491
1981
2498
2501
2509
2510
2511
2512
2003
2516
2007
2010
2525
2529
2531
2533
2537
2026
2028
2029
2542
2543
2032
2544
2039
2042
2555
2557
2047
