2052
2054
2567
2057
2068
2071
2072
2075
2592
2081
2594
2597
2598
2087
1577
2608
2609
2101
2617
2111
2117
2629
2125
2643
2132
2134
2135
2138
2652
2153
2161
2180
2183
2187
2191
2194
2196
2199
2203
2215
2223
2224
2226
2235
2239
2243
2247
2254
2264
2273
2279
2280
2282
2283
2285
2289
2292
2294
2302
2315
2327
2328
2332
2333
2336
2338
2344
2347
2351
2372
2377
2384
2385
2390
2394
2396
2398
2399
2420
1912
1920
2436
1926
2438
1939
2451
1941
2458
1947
1948
2461
2463
1955
2472
2479
1465
2491
1981
2496
1985
2501
2508
2509
2510
2511
2007
2533
2537
2028
2543
2547
2038
2039
2555
2047
