1024
1028
1551
1554
1557
1059
1584
1074
1076
1589
1078
1590
1597
1086
1092
1604
1605
1608
1612
1613
1107
1621
1116
1632
1123
1637
1126
107
1643
1149
1662
1663
1153
1668
1669
1163
1175
1689
1182
1184
1185
1700
1707
1199
1714
1717
1718
1211
1730
1735
1741
1230
1746
1750
1754
1250
1255
1267
1269
1789
1791
1793
1287
1799
1289
1800
1804
1293
1813
1302
1816
1305
1312
1826
1827
1833
1323
1835
1329
1331
1845
1849
1851
1351
1352
1864
1365
1877
1367
1369
1370
1886
1375
1376
1377
1888
1390
1399
1402
916
925
946
947
952
1467
960
1491
993
1509
999
1004
1516
1522
1523
1017
1530
1532
