1024
1026
1538
1028
1539
1540
1547
526
1551
1040
1554
1557
1559
1048
1051
1563
1056
1570
1059
1076
1589
1078
1079
1590
1595
1597
1598
1600
1603
1604
1608
1612
1101
1613
1614
1617
1107
1619
1621
1622
1117
1125
1126
1639
1128
1130
107
1643
1135
1653
1146
1658
1149
637
1662
1152
1153
1663
1665
1156
1668
1669
1159
1163
1164
1675
1683
1172
1173
1181
1182
1184
1185
1191
1703
1707
1198
1199
1712
1714
1205
1717
1207
1721
1211
1217
1730
1222
1735
1736
1741
1230
1746
1238
1750
1752
1753
1242
1243
1757
1761
1250
1765
1255
1768
1258
1267
1269
1271
1272
1789
1791
1793
1287
1799
1289
1800
1291
1804
1807
1809
1810
1813
1302
1816
1305
1818
1819
1823
1312
1826
1827
1833
1835
1839
1329
1330
1331
1843
1845
1334
1335
1849
1339
1341
1343
1352
1864
1867
1868
1361
1365
1366
1367
1877
1879
1370
1886
1375
1376
1377
1888
1380
1894
1389
1390
1391
1902
1399
1409
1416
1420
1427
916
1431
920
921
1435
925
927
934
1447
1449
1456
1457
946
947
952
1467
1471
960
1473
966
967
968
1483
1488
1491
980
993
994
1509
999
1513
1004
1516
1006
1520
1522
1017
1530
