1539
1540
1551
1554
1557
1047
1559
1049
1563
1054
1059
1076
1589
1079
1597
1086
1600
1608
1612
1613
1614
1617
1620
1621
1622
1623
1632
1124
1126
1128
1130
107
1644
1652
1146
1659
1149
1662
1663
1665
1683
1172
1688
1181
1184
1707
1198
1201
1714
1717
1721
1211
1724
1730
1735
1736
1737
1230
1746
1238
1750
1752
1753
1242
1250
1267
1789
1793
1795
1796
1799
1800
1290
1293
1809
1813
1816
1819
1826
1827
1833
1835
1327
1842
1849
1339
1344
1352
1864
1867
1365
1877
1367
1879
1376
1377
1888
1891
1380
1390
1391
1902
1399
906
1420
1431
921
925
946
952
967
1488
1491
980
993
1509
1003
1004
1516
1520
1522
1523
1524
1530
