1026
1547
526
1554
1557
1559
1049
1054
1059
1572
1584
1075
1076
1589
1078
1079
1597
1086
1600
1603
1092
1608
1610
1612
1613
1617
1619
1620
1110
1622
1112
1623
1632
1126
107
1644
1652
1653
1146
1659
1149
1662
1663
1683
1685
1688
1689
1181
1184
1185
1707
1198
1199
1712
1714
1205
1717
1209
1721
1211
1724
1730
1736
1737
1741
1746
1238
1750
1752
1242
1754
1757
1765
1255
1256
1768
1771
1271
1789
1278
1793
1795
1796
1287
1288
1799
1800
1804
1293
1810
1816
1819
1827
1833
1839
1330
1335
1849
1339
1340
1341
1344
1861
1352
1867
1877
1367
1879
1375
1376
1888
1380
1390
1902
1399
1402
1416
906
1420
916
1431
1435
925
1456
946
947
952
967
1488
1491
1003
1004
1522
1524
1017
1530
1532
