1537
1026
1028
1029
1547
1040
1554
1557
1559
1048
1563
1054
1570
1059
1068
1580
1584
1076
1589
1590
1079
1086
1598
1603
1604
1608
1610
1612
1101
1614
1617
1107
1620
1621
1622
1623
1117
1632
1637
1126
1639
107
1132
1643
1644
1135
1652
1653
1146
1149
1662
1663
1665
1668
1669
1163
1675
1683
1172
1173
1685
1689
1181
1182
1184
1185
1191
1707
1198
1199
1712
1714
1717
1721
1211
1214
1730
1222
1734
1735
1736
1737
1746
1238
1752
1753
1242
1243
1757
1761
1250
1765
1255
1256
1768
1772
1267
1269
1271
1272
1789
1791
1793
1795
1796
1799
1800
1289
1290
1291
1804
1293
1809
1811
1813
1302
1816
1305
1821
1823
1312
1827
1833
1835
1329
1330
1331
1842
1334
1335
1849
1339
1340
1861
1352
1867
1868
1367
1879
1375
1376
1377
1888
1891
1388
1390
1391
1902
1402
1409
1416
1420
916
1431
921
925
927
1439
934
1447
1456
947
953
1467
1471
960
1483
978
1491
980
993
997
1509
1003
1516
1517
1006
1520
1522
1524
1528
1530
