1026
1539
1540
1040
1554
1557
1047
1048
1559
1563
1059
1571
1068
1584
1076
1589
1079
1597
1086
1598
1600
1603
1092
1604
1605
1608
1610
1612
1613
1618
1107
1620
1621
1110
1117
1632
1124
1126
1639
1128
107
1643
1644
1652
1653
1146
1659
1149
1662
1663
1153
1156
1669
1163
1675
1683
1685
1175
1688
1689
1184
1185
1707
1199
1712
1714
1717
1209
1722
1724
1214
1730
1222
1736
1741
1230
1746
1750
1752
1753
1242
1761
1250
1765
1255
1768
1267
1269
1272
1789
1791
1793
1795
1796
1799
1288
1289
1290
1291
1800
1804
1813
1302
1305
1819
1823
1312
1827
1833
1835
1839
1330
1331
1842
1843
1845
1335
1336
1849
1339
1340
1851
1344
1861
1352
1867
1877
1367
1879
1370
1886
1376
1377
1888
1891
1380
1388
1390
1391
1902
1399
1402
1405
1409
1416
906
1420
916
1431
921
1435
925
932
1447
1456
1457
947
1460
952
953
960
967
978
1491
980
993
997
1509
1513
1003
1004
1516
1517
1520
1522
1523
1017
