1024
1026
1539
1028
1540
1542
1547
1551
1554
1557
1047
1048
1049
1559
1563
1570
1059
1572
1580
1584
1075
1076
1589
1078
1079
1590
1083
1597
1086
1598
1600
1603
1604
1605
1608
1609
1610
1612
1613
1614
1617
1107
1619
1620
1110
1621
1622
1623
1124
1125
1126
1637
1128
1639
107
1132
1643
1644
1135
1146
1659
1149
1662
1663
1153
1665
1156
1668
1669
1160
1163
1164
1675
1683
1172
1685
1175
1688
1689
1180
1181
1182
1184
1185
1191
1195
1707
1198
1199
1712
1201
1714
1205
1717
1718
1209
1721
1211
1724
1730
1219
1222
1734
1735
1736
1737
1741
1230
1746
1750
1752
1753
1242
1243
1757
1761
1250
1765
1255
1768
1772
1267
1780
1269
1782
1271
1272
1791
1280
1793
1795
1287
1288
1289
1290
1291
1799
1293
1800
1804
1809
1810
1811
1813
1302
1816
1305
1819
1823
1312
1826
1827
1833
1323
1835
1327
1839
1329
1330
1331
1842
1845
1334
1335
1846
1337
1849
1339
1341
1344
1860
1861
1351
1867
1868
1361
1367
1879
1369
1886
1375
1376
1377
1888
1891
1380
1898
1390
1391
1902
1399
1911
1416
906
1420
1431
921
925
1437
927
1439
934
1447
1449
1456
946
947
952
1467
1471
966
967
1484
1485
1488
978
1491
980
993
995
1509
999
1001
1003
1004
1516
1006
1520
1522
1523
1528
1017
1530
1535
