2560
2053
2054
2065
2068
2582
2071
2589
2592
2081
2597
2598
2087
1577
2609
2102
2616
2617
2111
2117
2629
2127
2128
2642
2643
2133
2134
2135
2138
2653
2143
2148
2151
2153
2176
2180
2183
2187
2189
2191
2194
2196
2199
2210
2215
2223
2233
2241
2246
2247
2250
2267
2268
2273
2279
2282
2283
2285
2289
2292
2293
2302
2315
2319
2327
2328
2332
2333
2336
2338
2347
2351
2372
2377
2384
2398
2420
1912
1920
2436
1926
1932
2445
1941
1945
1948
2461
2463
2465
1959
2471
2472
1465
2496
2498
1994
2508
2510
2511
2002
2516
2007
2010
2522
2530
2533
2537
2026
2028
2543
2032
2039
2040
2042
2555
2047
