2052
2053
2054
2567
2062
2068
2582
2071
2072
2589
2592
2081
2597
2598
2087
1577
2608
2101
2102
2617
2111
2117
2629
2125
2127
2128
2643
2133
2134
2135
2137
2138
2649
2143
2148
2149
2153
2169
2174
2180
2183
136
2187
2189
2191
2194
2196
2198
2199
2215
2223
2224
2241
2249
2250
2254
2268
2282
2283
2292
2293
2302
2315
2319
2327
2328
2330
2332
2333
2336
2338
2345
2347
2351
2368
2372
2384
2385
2394
2396
2398
2399
2417
2420
1912
1920
2434
2436
1926
1932
2445
2451
1941
2458
1947
1948
2461
2463
1955
2468
1959
2471
2472
1964
2479
1465
2491
2496
1985
1994
2508
2509
2510
2511
2512
2002
2516
2007
2533
2537
2026
2028
2543
2032
2038
2039
2042
2555
2047
