1024
1542
1547
1039
1040
1551
1559
1063
1580
1069
1584
1589
1078
1083
1086
1598
1604
1605
1610
1101
1613
1619
1621
1117
1125
1126
1130
107
1132
1663
1153
1665
1156
1668
1160
1163
1172
1173
1180
1185
1191
1707
1199
1712
1201
1714
1205
1717
1207
1722
1723
1730
1741
1230
1746
1238
1752
1757
1761
1256
1768
1772
1267
1271
1791
1280
1793
1285
1288
1800
1804
1809
1810
1813
1816
1826
1832
1323
1329
1330
1331
1842
1352
1359
1361
1370
1888
1377
1380
1898
1388
1900
1390
1391
1902
1399
1402
1409
916
1431
1447
1449
1456
1457
946
953
1470
959
1471
966
1483
972
1488
983
995
997
1516
1006
1522
1530
1535
