1024
1028
1542
1547
1551
1554
1556
1047
1559
1563
1059
1580
1076
1589
1079
1083
1597
1086
1598
1600
1603
1604
1605
1608
1609
1612
1101
1613
1107
1619
1621
1622
1623
1117
1123
1124
1125
1126
1639
1128
1130
107
1132
1643
1652
1653
1146
1662
1663
1153
1665
1156
1668
1669
1160
1163
1675
1172
1173
1685
1175
1181
1184
1185
1191
1707
1198
1199
1712
1201
1205
1717
1207
1721
1211
1723
1730
1219
1222
1736
1746
1238
1752
1753
1754
1243
1757
1761
1250
1255
1256
1768
1772
1269
1782
1271
1272
1789
1793
1796
1285
1287
1288
1799
1800
1804
1809
1811
1813
1302
1816
1305
1826
1827
1832
1833
1323
1839
1330
1331
1842
1335
1336
1849
1339
1340
1341
1344
1351
1352
1868
1361
1874
1367
1879
1370
1886
1376
1377
1888
1891
1380
1898
1389
1390
1902
1399
1402
1416
916
1431
925
1439
934
1447
1449
1456
1457
946
947
953
1471
960
966
1480
1484
1488
978
980
982
997
1509
1004
1516
1006
1517
1520
1017
1530
