1028
1547
1040
1557
1559
1570
1059
1571
1068
1584
1589
1078
1597
1086
1598
1603
1608
1612
1613
1107
1619
1620
1621
1622
1632
1125
1126
1128
107
1643
1644
1146
1658
1662
1663
1153
1156
1668
1669
1683
1172
1175
1184
1185
1191
1707
1199
1712
1714
1207
1211
1214
1730
1735
1736
1741
1746
1750
1242
1761
1768
1267
1269
1272
1791
1793
1287
1799
1289
1800
1291
1804
1810
1302
1305
1818
1826
1827
1833
1835
1839
1329
1330
1331
1334
1335
1849
1341
1352
1365
1367
1879
1370
1886
1376
1377
1888
1390
1391
1902
1399
1401
1402
1420
916
1431
921
934
1449
946
947
952
1467
1471
960
966
1488
1491
980
993
1509
999
1516
1006
1522
1017
1530
