2560
2561
2563
2564
2056
2059
2574
2063
2064
2575
2073
2074
2078
2590
2593
2551
2084
2086
2088
2601
2090
2602
2604
2093
2095
2607
2103
2615
2619
2108
2109
2112
2624
2625
2118
2630
2122
2123
2124
2131
2646
2136
2139
2140
2654
2655
2150
2154
2172
2184
2188
2190
2200
2201
2206
2218
2229
2233
2237
2240
2244
2253
2257
2266
2271
2275
2276
2290
2299
2308
2309
2311
2323
2324
2326
2331
2339
2340
2347
2348
2352
2353
2354
2356
2363
2369
2374
2381
2404
2409
2410
2414
2423
1912
2428
1917
1918
2430
1938
1943
1946
2464
2467
2468
1966
1971
2484
2485
1979
2492
2495
1984
1985
2499
2500
2504
1993
2506
2507
2005
2526
2532
2030
2542
2543
2033
2546
2037
2549
2550
2552
2553
2554
2043
2045
