2052
2053
2054
2567
2057
2068
2582
2071
2072
2588
2592
2081
2597
2598
2087
1577
2609
2102
2616
2111
2117
2629
2127
2642
2643
2134
2135
2138
2653
2144
2148
2149
2151
2153
2169
2176
2180
2183
136
2187
2189
2191
2194
2196
2199
2203
2215
2223
2224
2232
2241
2250
2254
2264
2267
2268
2273
2279
2282
2283
2289
2292
2293
2302
2315
2319
2328
2332
2333
2336
2338
2347
2351
2368
2372
2384
2385
2394
2417
2420
1912
1916
1920
1926
1932
2445
1940
1941
1945
1948
2461
2463
2465
1955
1959
2471
2475
2498
1987
1994
2508
2510
2511
2512
2007
2010
2028
2543
2032
2038
2555
2047
