2560
2561
2563
2564
2063
2064
2575
2073
2074
2078
2590
2593
2088
2600
2090
2602
2604
2606
2095
2607
2098
2611
2615
2619
2624
2630
2123
2124
2638
2140
2142
2654
2154
2165
2188
2200
2201
2206
2212
2218
2220
2229
2233
2237
2244
2257
2261
2266
2271
2275
2276
2278
2290
2299
2308
2309
2324
2326
2331
2339
2352
2353
2369
2374
2386
2391
2404
2407
2409
2410
1912
1918
2433
2446
1943
1946
2464
2467
2468
1962
2484
1979
2492
1983
1984
1985
1986
1993
2506
2005
2521
2020
2030
2542
2033
2546
2549
2550
2040
2553
2554
2556
2559
