2560
2563
2059
2579
2069
2078
2590
2591
2593
2083
2088
2552
2600
2602
2607
2098
2103
2615
2619
2109
2624
2625
2115
2630
2631
2123
2124
2131
2139
2140
2142
2165
2172
2184
2188
2190
2201
2206
2212
2218
2220
2233
2240
2261
2266
2271
2275
2276
2278
2290
2307
2309
2323
2326
2329
2331
2340
2347
2352
2359
2369
2381
2392
2395
2410
2414
2423
1912
1918
2433
1929
2446
1938
2460
2464
2467
2484
2492
2495
1984
1985
1986
2499
2500
1993
2506
1997
2532
2021
2536
2539
2030
2542
2033
2546
2037
2549
2550
2040
2554
2043
2556
2559
