2560
2055
2056
2059
2574
2063
2575
2074
2586
2078
2590
2591
2593
2083
2551
2086
2088
2600
2090
2602
2604
2093
2095
2607
2611
2103
2104
2615
2619
2108
2623
2112
2624
2625
2115
2118
2630
2122
2123
2124
2131
2136
2139
2140
2142
2654
2655
2150
2172
2179
2184
2188
2190
2201
2206
2212
2216
2218
2220
2229
2233
2240
2244
2253
2257
2261
2266
2271
2275
2278
2290
2306
2308
2309
2311
2323
2324
2326
2331
2334
2340
2347
2348
2352
2354
2356
2359
2363
2369
2370
2376
2381
2395
2404
2407
2408
2409
2410
2414
2418
2423
1912
2428
1917
1918
2433
2446
1938
1941
1946
2464
1962
2482
2484
2485
2489
1979
2492
1983
1984
1985
1986
2495
2500
1993
2507
2005
2520
2526
2532
2030
2542
2033
2546
2037
2549
2550
2554
2043
2045
