3072
3076
3082
3089
3097
3102
3106
3110
1534
3113
3115
3116
3120
3132
3140
3145
3146
3150
3152
3155
3169
2661
3179
3182
3185
2674
3188
3198
3201
3206
3214
1684
2712
3224
3225
2716
2719
3239
3240
3247
3252
3253
2742
2748
3261
2753
3265
3267
2765
3277
3280
2770
3288
2778
3291
2780
2781
3296
2785
3297
2787
3302
2793
2796
3316
3320
3330
3332
3335
2828
3344
2833
3347
3350
3351
3353
3355
2844
3360
2849
2853
3366
3373
2863
2869
3381
3385
2875
3391
2883
3397
3403
3406
3411
2901
3416
3419
2914
3434
2936
2937
2939
2950
2970
2973
2979
2989
2991
2992
3005
3007
3017
3021
3027
3034
3035
3038
3041
3049
3051
3060
3070
