2052
2053
2054
2567
2068
2582
2071
2072
2588
2589
2592
2081
2598
2087
1577
2102
2616
2617
2111
2117
2629
2125
2127
2128
2642
2643
2133
2134
2135
2649
2138
2653
2143
2144
2148
2149
2151
2153
2169
2174
2176
136
2187
2189
2194
2196
2198
2199
2203
2223
2224
1718
2241
2246
2247
2250
2254
2264
2267
2268
2273
2279
2282
2283
2289
2292
2294
2302
2319
2325
2327
2328
2330
2332
2333
2336
2343
2344
2347
2351
2368
2372
2377
2384
2398
2399
2419
1912
1916
1920
2436
1926
1932
2445
2451
1940
1945
1947
1948
2461
1954
1955
2471
2475
2491
2498
2508
2509
2510
2511
2512
2002
2516
2007
2010
2525
2529
2533
2028
2543
2032
2544
2547
2038
2039
2042
