2560
2564
2058
2059
2063
2064
2575
2578
2067
2073
2074
2586
2078
2590
2593
2086
2088
2600
2090
2601
2602
2093
2604
2095
2607
2103
2104
2615
2623
2112
2624
2625
2118
2122
2123
2124
2638
2128
2136
2139
2142
2654
2150
2154
2172
2184
2188
2190
2200
2206
2216
2218
2220
2229
2233
2237
2240
2244
2257
2258
2266
2276
2278
2290
2300
2306
2308
2309
2311
2324
2326
2334
2339
2340
2347
2348
2354
2356
2359
2363
2369
2370
2376
2381
2383
2392
2407
2408
2409
2410
2418
1912
2428
1917
2429
2430
1929
2446
1938
1943
2462
2464
1953
2468
1962
1963
2477
2478
2482
1971
2485
2489
2492
1983
1984
1985
2500
2504
1993
2507
1997
2007
2521
2030
2542
2543
2033
2546
2037
2551
2040
2553
2043
2045
2559
