1028
1540
2052
2054
2068
2582
2071
2072
2588
2589
2081
2598
2087
1577
1590
2102
2616
2617
2111
2117
2629
2125
2127
1617
1618
2642
2132
1621
2133
2643
2649
1626
2653
2143
2144
2148
2149
1126
2151
2153
107
2155
2169
2174
1663
2176
2180
136
2185
2187
1165
2189
2196
2198
2199
2203
1182
1697
1702
1196
1197
2223
2224
2239
2241
2246
2247
2250
2254
2264
2267
2268
1769
2282
2283
2289
1780
2292
1782
2294
2319
2325
2328
1817
2330
2333
1312
2336
2343
2344
1835
1836
1327
1334
1846
1852
2368
1863
1352
1361
1369
2394
2399
1376
2419
1909
1911
1912
1916
1920
2436
1926
1932
2451
916
1940
921
1945
1947
1948
925
2461
2463
1440
1954
1955
2471
2475
1458
951
1465
2491
2498
2508
1485
2509
2510
2511
2512
2003
2007
2010
2529
1509
1513
2028
2031
2032
2543
1522
1523
2547
2038
2042
2555
