2560
2561
2564
2056
2059
2063
2064
2578
2579
2073
2074
2586
2077
2078
2590
2593
2083
2551
2086
2088
2552
2090
2600
2601
2602
2604
2607
2611
2103
2104
2615
2619
2109
2623
2112
2624
2625
2115
2118
2630
2121
2122
2123
2124
2638
2131
2646
2136
2139
2140
2142
2654
2655
2150
2154
2165
2172
2184
2188
2200
2201
2206
2212
2216
2218
2220
2229
2233
2237
2240
2244
2253
2258
2261
2266
2271
2275
2276
2278
2290
2307
2308
2309
2323
2324
2326
2331
2339
2340
2347
2354
2356
2363
2369
2370
2376
2381
2386
2392
2395
2407
2409
2410
2414
2418
2423
1912
2428
1917
2430
1929
2446
1938
1941
1943
1946
2462
2464
1953
2468
1962
2477
2482
1971
2485
2489
1979
2492
1983
1984
1985
1986
2500
2504
1993
2507
2005
2521
2539
2030
2542
2543
2033
2546
2037
2549
2550
2040
2553
2043
2556
2045
2046
