3078
3084
3085
3090
3096
3098
3104
3108
3117
3119
3142
3149
3158
3163
3166
3174
2664
2666
2669
2676
2679
2680
2683
3195
2689
2694
2698
2706
1684
3226
2717
3232
3237
3238
3250
2745
3257
2750
2754
2755
2757
2761
3284
2777
2782
2786
3301
3303
2794
2800
2815
2821
2827
3339
3348
2839
2850
3362
3363
2862
2864
2866
2872
2873
2874
3387
2877
3390
2880
3399
2891
2897
2905
2906
3417
2910
2911
2912
2913
3426
2915
2916
3435
2925
2927
2928
2940
2943
2944
2956
2960
2985
2986
2987
2993
2994
3000
3014
3022
3026
3033
3040
3047
3052
3054
3056
3065
