3073
3078
3085
3096
3098
3108
3114
3149
3166
3174
2664
2669
3184
2676
2679
2680
3195
2689
2694
2698
2706
1684
3220
3226
3228
2717
3232
3238
2741
2743
2746
2749
2750
2754
2755
2757
3284
2777
2782
2786
2800
2806
2810
2815
2827
2835
3348
2839
2850
3363
2862
2864
2866
2867
2872
2877
2880
3400
2897
2905
2906
3417
2908
2909
2910
2911
2912
2913
3426
2916
2919
2920
3433
2924
2925
2927
2928
2931
2940
2943
2946
2956
2960
2966
2969
2974
2985
2988
3000
3004
3014
3022
3029
3033
3036
3047
3054
3056
3064
3065
