2560
2564
2056
2058
2059
2063
2064
2575
2578
2073
2074
2078
2590
2593
2088
2600
2090
2601
2602
2093
2604
2607
2611
2103
2104
2615
2623
2112
2625
2118
2630
2123
2638
2131
2646
2139
2140
2142
2654
2655
2154
2172
2179
2184
2188
2190
2200
2201
2206
2212
2216
2218
2220
2229
2233
2240
2244
2253
2257
2261
2266
2275
2290
2300
2308
2309
2323
2324
2326
2331
2334
2339
2340
2347
2348
2354
2356
2359
2363
2369
2370
2376
2381
2395
2404
2407
2408
2409
2410
2414
2418
1912
2428
1917
2429
2430
1929
2446
1946
2464
1953
2467
2468
2469
1962
2478
2482
1971
2485
2489
1979
2492
1983
1984
1985
1986
2495
2500
2504
1993
2507
1997
2005
2007
2526
2539
2542
2543
2033
2546
2037
2551
2553
2043
2045
2559
