1024
1028
1547
1551
1554
1557
1563
1059
1584
1074
1076
1589
1078
1597
1598
1603
1092
1604
1605
1610
1612
1101
1614
1617
1621
1622
1623
1117
1632
1123
1124
1125
1126
1128
1130
107
1132
1652
1653
1149
1662
1663
1153
1665
1156
1668
1669
1163
1683
1685
1181
1184
1185
1187
1707
1198
1199
1712
1714
1721
1211
1730
1219
1222
1735
1736
1737
1741
1230
1746
1750
1752
1757
1761
1250
1267
1269
1782
1793
1287
1799
1289
1800
1291
1804
1293
1810
1302
1816
1821
1823
1826
1827
1833
1839
1330
1331
1842
1845
1335
1336
1849
1341
1351
1352
1864
1867
1361
1367
1879
1370
1886
1375
1888
1380
1390
1391
1902
1909
1398
1399
1401
1416
1420
916
1431
925
1437
1449
1456
1457
947
952
1467
1471
960
966
1480
978
1491
980
982
1501
999
1004
1516
1006
1522
1530
