1026
1554
1557
1047
1048
1049
1559
1563
1054
1570
1584
1076
1589
1590
1603
1092
1604
1614
1621
1110
1622
1112
1626
1124
1637
1126
107
1146
1659
1149
1663
1675
1685
1175
1688
1689
1182
1195
1717
1721
1730
1734
1230
1238
1752
1753
1243
1250
1255
1768
1772
1774
1265
1782
1272
1791
1796
1800
1290
1293
1813
1305
1312
1827
1833
1835
1329
1843
1845
1334
1352
1867
1361
1365
1367
1369
1376
1377
1888
1891
1390
1402
1405
897
1420
916
1431
921
925
927
1441
946
952
1467
1480
1484
1485
980
993
1509
1003
1516
1520
1522
1523
1524
1528
