1028
1540
1551
1554
1557
1559
1049
1572
1584
1075
1076
1589
1078
1079
1600
1603
1610
1612
1101
1617
1621
1622
1623
1632
1128
107
1132
1643
1644
1652
1653
1659
1663
1665
1683
1172
1688
1689
1181
1184
1185
1707
1199
1714
1209
1721
1211
1735
1736
1737
1230
1746
1750
1752
1242
1761
1250
1267
1791
1795
1799
1800
1290
1291
1804
1816
1819
1823
1827
1833
1327
1842
1335
1340
1344
1352
1867
1877
1367
1879
1886
1375
1376
1377
1888
1390
1391
1399
1416
1420
916
1431
1435
925
934
1447
946
947
952
1467
1471
1483
973
1491
993
1003
1004
1516
1520
1017
1530
1532
