1024
1029
1542
1040
1557
1559
1056
1570
1059
1571
1068
1580
1584
1589
1078
1083
1086
1600
1091
1603
1604
1610
1101
1613
1107
1619
1622
1117
1125
1126
1639
1130
107
1132
1652
1659
1662
1663
1153
1665
1668
1163
1172
1175
1180
1184
1707
1198
1199
1712
1201
1714
1717
1207
1211
1214
1736
1741
1746
1238
1757
1256
1772
1271
1789
1280
1793
1794
1795
1285
1797
1287
1288
1289
1800
1291
1804
1809
1302
1816
1823
1826
1832
1833
1839
1330
1331
1842
1843
1335
1336
1849
1339
1341
1352
1867
1868
1877
1879
1370
1886
1888
1377
1380
1898
1388
1390
1391
1902
1402
1409
916
1431
925
1447
1449
1456
1457
946
947
1467
959
960
1471
1480
1483
1488
982
993
484
1003
1004
1516
1006
1017
1530
