2560
2563
2059
2573
2574
2578
2579
2073
2586
2078
2590
2591
2593
2083
2084
2088
2552
2090
2600
2601
2602
2604
2095
2607
2611
2615
2104
2619
2109
2623
2624
2625
2118
2630
2122
2123
2124
2131
2139
2140
2142
2655
2150
2154
2164
2172
2188
2190
2201
2206
2212
2213
2218
2220
2229
2233
2240
2244
2257
2261
2266
2271
2275
2276
2278
2290
2299
2300
2309
2323
2324
2329
2340
2347
2352
2369
2376
2381
2404
2408
2410
2414
2423
1912
1917
1918
1925
2449
1938
1941
1943
1946
2460
2462
2464
2468
1962
1966
1971
2484
2485
1979
2492
2495
1984
1985
1986
2499
2500
2504
1993
2507
2520
2524
2526
2020
2536
2030
2542
2543
2033
2546
2037
2551
2040
2553
2043
2559
