1029
1039
1551
1047
1559
1056
1570
1580
1074
1076
1589
1078
1597
1086
1598
1604
1608
1609
1610
1101
1613
1107
1621
1622
1117
1124
1125
1126
1637
107
1146
1662
1663
1153
1665
1669
1160
1172
1173
1175
1689
1191
1707
1199
1201
1205
1211
1723
1214
1730
1219
1222
1736
1230
1238
1243
1765
1768
1772
1782
1791
1280
1793
1288
1289
1800
1291
1804
1811
1813
1826
1833
1323
1835
1839
1329
1330
1843
1335
1849
1341
1861
1352
1864
1868
1361
1365
1879
1376
1377
1888
1388
1390
1902
1393
897
1409
1431
921
925
1447
1460
953
1471
1483
978
1491
980
993
997
1509
999
1513
1004
1006
1520
1522
1017
1535
