3076
3079
3082
3101
3102
3106
3111
3113
3115
3116
3120
3132
3146
3148
3152
3154
3169
3170
3172
2661
3179
3182
3185
2674
3188
3191
2684
3198
3199
3201
3204
3206
3212
2708
1684
2712
3224
2716
2719
3239
3240
2733
3247
3252
3258
3261
2753
2765
3277
3280
2770
3288
2778
3291
2781
3296
3299
2793
2796
3320
3321
3330
3332
2823
3335
2828
2830
3344
2833
3345
3347
3351
3353
3355
3360
2849
2863
3381
3386
3391
3396
3397
3406
3411
2901
2904
3416
3419
3422
2936
2937
2939
2970
2973
2976
2989
2991
2992
3007
3017
3021
3035
3038
3046
3049
3051
3070
