1536
1541
1032
1037
1042
1051
1052
1057
1569
1060
1066
1070
1582
1081
1595
1086
1099
1102
596
1108
606
1630
1121
107
1661
1158
1159
1166
1167
1681
1686
1183
1699
1703
1706
1709
1204
1725
1727
1216
1217
1729
1732
1221
1733
1225
1738
1739
1742
1235
1751
1241
1245
1246
1770
1260
1261
1783
1273
1785
1275
1786
1277
1787
1281
1282
1807
1296
1299
1812
1303
1820
1309
1824
1314
1316
1828
1324
1848
1338
1871
1876
1366
1371
1373
1893
1382
1894
1899
1906
1907
1396
1406
898
1412
903
1418
1429
919
1436
1444
933
938
1451
942
1454
944
954
957
1469
1472
964
965
969
1481
984
1502
1503
992
1504
483
1507
1515
1007
1525
1014
1018
1531
1020
1533
