1536
513
514
515
517
519
521
1545
523
524
525
1549
527
531
542
544
545
546
547
548
553
555
556
557
559
561
563
565
566
567
580
591
604
606
1122
107
1645
641
1155
1673
651
1179
1692
676
1237
1767
1300
1313
1320
1332
1844
1358
1882
348
1374
353
355
359
361
363
366
367
370
373
374
376
378
388
390
391
392
394
396
400
1425
402
403
1427
410
1435
414
417
418
419
930
423
428
431
432
434
436
438
439
442
444
446
450
452
458
460
461
463
465
471
474
481
482
483
484
487
488
489
490
491
492
1514
496
497
500
502
506
507
