2560
2561
2564
2055
2056
2058
2059
2063
2064
2575
2578
2073
2074
2586
2077
2078
2590
2593
2084
2086
2088
2600
2090
2602
2604
2093
2607
2611
2103
2104
2615
2112
2624
2625
2115
2118
2122
2123
2124
2638
2131
2646
2136
2139
2140
2142
2655
2150
2154
2172
2179
2184
2188
2200
2201
2206
2210
2218
2220
2229
2233
2240
2244
2253
2266
2271
2275
2290
2299
2307
2309
2323
2324
2331
2334
2339
2340
2347
2352
2354
2356
2359
2363
2369
2370
2374
2381
2383
2386
2404
2407
2408
2409
2410
2414
2418
2423
1912
2428
1917
2429
2446
1938
1943
1946
2460
2464
1953
2467
1962
2477
2482
1971
1979
2492
1985
1986
2500
1989
2504
2507
2005
2520
2526
2539
2542
2543
2037
2549
2553
2043
2045
2559
