2054
2567
2056
2067
2068
2069
2582
2071
2072
2584
2588
2589
2081
2594
2597
2598
2087
1577
2092
2608
2611
2102
2616
2617
2111
2127
2133
2649
2138
2653
2142
2144
2147
2149
2151
2169
2174
2180
136
2184
2187
2196
2203
2223
2224
1718
2232
2234
2241
2250
2254
2266
2268
2279
2283
2285
2288
2289
2292
2303
2309
2319
2327
2330
2334
2336
2347
2351
2372
2384
2387
2391
2393
2394
2395
2398
2417
2419
1912
2427
2429
2436
1926
1932
2449
2451
1945
2458
2463
1955
2471
2472
1964
2476
2478
2491
1983
1985
2508
2510
2511
2512
2007
2526
2533
2542
2543
2032
2038
2039
2550
2555
2047
