3586
3594
3596
3604
3605
3609
3611
3613
3617
3625
3633
3635
3639
1085
3649
3651
3654
3656
3669
3670
3674
3680
3683
3684
3687
3691
3692
3695
3697
3700
3702
3703
3717
3721
3734
3736
3741
3744
3750
3755
3756
3760
3765
3790
3795
3797
3800
3804
3813
3824
3831
3832
3841
3842
3851
3858
3860
3864
3873
3880
3883
3886
3898
3902
3911
3913
3918
3919
3926
3930
3943
3948
3437
3957
3448
3449
3962
3966
3456
3457
3968
3970
3971
3467
3479
3480
3481
3488
3495
3501
3502
3512
3514
3516
3517
3518
3523
3533
3540
3545
3552
3560
3562
3563
3574
3576
3577
3578
