2052
2053
2054
2057
2068
2071
2072
2588
2589
2592
2081
2594
2597
2598
2087
1577
2608
2102
2616
2617
2111
2117
2629
2635
2127
2128
2643
2132
2133
2137
2138
2649
2653
2143
2144
2149
2153
2155
2161
2169
2174
2180
2183
136
2187
2189
2194
2196
2199
2203
2223
2224
1718
2232
2235
2246
2247
2249
2250
2254
2259
2268
2279
2280
2282
2283
2289
2292
2294
2302
2315
2319
2327
2328
2330
2333
2336
2343
2345
2347
2351
2372
2384
2394
2396
2398
2417
2419
1912
1923
2436
1926
2445
2451
1940
1941
1945
2458
1947
1948
2461
2463
1954
1955
2471
2473
1465
2508
2509
2510
2511
2003
2007
2536
2537
2543
2032
2038
2042
2555
2047
