2560
2561
2563
2564
2058
2059
2060
2573
2062
2063
2064
2575
2576
2578
2579
2069
2581
2073
2074
2586
2078
2590
2593
2083
2084
2551
2088
2552
2090
2600
2601
2093
2602
2095
2604
2607
2611
2103
2104
2615
2619
2108
2109
2112
2624
2625
2115
2118
2630
2631
2121
2123
2124
2131
2139
2140
2142
2654
2655
2150
2154
2164
2165
2172
2184
2190
2201
2206
2210
2212
2218
2220
2229
2233
2240
2244
2253
2257
2261
2266
2271
2275
2276
2278
2290
2299
2306
2307
2308
2309
2323
2324
2326
2331
2339
2340
2347
2348
2352
2353
2354
2356
2359
2363
2369
2370
2374
2376
2381
2386
2387
2404
2409
2410
2414
2423
1912
2427
2428
1917
2429
2433
1925
1929
2446
2449
1938
1942
1943
2454
1946
2462
2464
2467
2468
2469
1962
2476
2478
1971
2484
2492
1983
1984
1985
1986
2499
2500
1989
2504
1993
2506
2507
1997
2005
2520
2521
2526
2020
2536
2030
2542
2033
2037
2549
2550
2040
2553
2043
2044
2045
2559
