1024
1539
1547
1551
1040
1554
1556
1559
1059
1580
1076
1589
1078
1079
1083
1597
1086
1598
1600
1603
1604
1605
1610
1612
1101
1613
1107
1619
1621
1623
1117
1123
1125
1126
1130
107
1652
1662
1153
1665
1156
1668
1163
1172
1175
1184
1185
1707
1198
1199
1712
1201
1207
1721
1211
1214
1730
1219
1222
1736
1737
1230
1746
1238
1750
1752
1757
1256
1772
1267
1269
1271
1789
1793
1285
1799
1288
1289
1800
1291
1804
1809
1810
1813
1302
1816
1305
1826
1827
1832
1833
1839
1330
1331
1335
1336
1849
1339
1341
1344
1351
1352
1863
1868
1361
1874
1367
1879
1370
1886
1376
1377
1888
1380
1898
1390
1398
1399
1416
1431
925
1449
1456
946
947
1467
959
960
1471
966
1480
1488
978
982
997
1509
999
1516
1006
1522
1017
1530
