1036
1550
1044
1060
1573
1576
1066
1067
1583
1587
1591
1592
1082
1596
1611
1100
1102
1628
1120
1636
1129
107
1647
1649
1655
1148
1661
641
1158
1680
1682
1691
1190
1192
1706
1715
1204
1716
1720
1215
1221
1227
1229
1742
1231
1235
1257
1783
1786
1277
1279
1282
1284
1286
1292
1298
1315
1322
1841
1848
1345
1857
1347
1859
1862
1872
1873
1875
1373
1887
1379
1381
1893
1899
1903
1392
1404
896
902
1423
1426
1438
1448
1462
957
1475
1479
975
1489
981
1495
984
988
1502
994
1515
1009
1014
1015
1019
1020
1021
