1026
1538
1028
1547
1551
1554
1556
1557
1047
1559
1059
1572
1584
1589
1078
1079
1083
1086
1598
1603
1605
1610
1612
1101
1613
1107
1619
1621
1112
1125
1126
107
1132
1643
1653
1146
1662
1663
1153
1665
1668
1669
1163
1172
1182
1184
1185
1707
1198
1199
1712
1714
1717
1209
1211
1214
1730
1735
1736
1737
1746
1238
1752
1761
1250
1255
1256
1768
1269
1782
1271
1278
1791
1793
1287
1288
1799
1800
1804
1809
1810
1302
1816
1305
1827
1833
1835
1329
1335
1339
1344
1351
1352
1868
1367
1879
1369
1370
1886
1376
1377
1888
1898
1390
1399
1402
906
1431
921
925
1439
934
1449
1456
1457
946
947
952
1467
1471
966
1480
978
993
999
1004
1516
1524
1528
1017
1532
