1024
1539
1029
1542
1547
1551
1040
1559
1056
1059
1571
1063
1068
1069
1580
1584
1589
1078
1083
1086
1598
1604
1605
1608
1609
1610
1612
1613
1614
1107
1619
1620
1117
1125
1637
107
1132
1135
1146
1662
1663
1153
1665
1156
1668
1160
1163
1675
1172
1173
1688
1689
1180
1191
1707
1199
1712
1201
1714
1205
1717
1207
1722
1723
1214
1730
1222
1741
1746
1757
1250
1255
1256
1768
1772
1271
1791
1280
1793
1285
1287
1288
1289
1800
1804
1293
1809
1813
1302
1816
1826
1832
1833
1323
1839
1330
1331
1842
1845
1335
1336
1849
1867
1868
1359
1361
1879
1881
1370
1376
1377
1888
1380
1898
1388
1900
1902
1391
1402
1409
1420
913
916
1431
932
1447
1456
1457
946
953
1470
959
960
1471
966
967
1483
972
1487
1488
983
1497
995
484
997
1509
1517
1006
1520
1522
1530
1535
