1024
1538
1539
1542
1547
1551
1554
1559
1563
1570
1059
1571
1068
1580
1584
1074
1076
1589
1078
1079
1083
1598
1091
1603
1604
1605
1608
1610
1612
1101
1107
1619
1621
1622
1117
1123
1124
1125
1126
1639
1130
107
1132
1149
1662
1663
1153
1665
1156
1668
1163
1683
1172
1685
1181
1184
1191
1707
1199
1712
1714
1205
1207
1211
1723
1214
1730
1219
1222
1735
1736
1230
1746
1238
1242
1250
1256
1267
1272
1791
1280
1793
1795
1285
1799
1288
1289
1800
1291
1804
1809
1810
1811
1813
1302
1816
1821
1823
1826
1827
1832
1833
1323
1835
1330
1331
1842
1845
1335
1336
1849
1339
1341
1351
1352
1864
1359
1361
1367
1879
1370
1886
1376
1377
1888
1380
1898
1390
1391
1902
1909
1399
1401
1402
1409
1416
1420
916
1431
922
1437
1447
1449
1456
1457
946
1467
1471
960
966
1480
1488
978
1491
980
982
983
993
1509
999
1516
1006
1522
1017
1530
