2053
2054
2566
2567
2068
2071
2072
2589
2081
2082
2594
2085
2597
2087
2598
2608
2610
2612
2101
2102
2617
2111
2125
2127
2642
2133
2134
2649
2138
2145
2149
2153
2161
2169
2174
2176
2183
136
2186
2187
2189
2191
2194
2199
2205
2209
2211
2214
2223
2224
2226
1718
2232
2235
2241
2246
2247
2254
2259
2264
2267
2268
2273
2279
2280
2282
2283
2285
2289
2291
2292
2296
2302
2304
2313
2318
2319
2322
2325
2327
2328
2333
2336
2338
2345
2347
2366
2367
2368
2379
2384
2394
2396
2398
2406
2417
2419
1912
1932
2451
1941
1945
2458
1947
2461
2463
1954
1955
1959
2471
2472
2473
2475
1964
1970
2491
2498
2508
2509
2510
2511
2002
2007
2537
2026
2031
2032
2543
2547
2036
2038
2039
2555
2047
