2560
2561
2563
2564
2059
2060
2573
2575
2064
2576
2578
2579
2073
2074
2586
2590
2083
2084
2551
2086
2088
2552
2090
2600
2601
2093
2602
2095
2604
2607
2611
2103
2104
2615
2619
2109
2624
2625
2115
2630
2631
2121
2123
2638
2131
2646
2139
2140
2142
2655
2150
2154
2172
2179
2184
2188
2190
2200
2206
2216
2218
2220
2229
2233
2240
2244
2257
2258
2266
2271
2275
2278
2290
2300
2306
2308
2309
2323
2324
2339
2340
2347
2348
2352
2353
2354
2356
2359
2369
2370
2374
2376
2381
2383
2386
2404
2408
2410
2414
2418
2423
1912
2428
1917
1918
2429
2430
2433
1925
1929
2446
1938
1943
1946
2464
1953
2468
1962
2477
1966
2478
2482
1971
2484
2485
1979
2492
1983
1984
1985
1986
2495
2499
1989
2500
2504
1993
2506
2507
1997
2005
2520
2521
2526
2020
2539
2030
2542
2543
2033
2546
2037
2549
2550
2040
2553
2554
2043
2045
2559
