1540
1029
1547
526
1554
1557
1054
1570
1059
1571
1584
1075
1076
1078
1079
1597
1086
1598
1603
1609
1610
1612
1620
1621
1110
1622
1112
1623
1116
1632
1128
107
1132
1652
1653
1146
1659
1663
1153
1669
1160
1164
1683
1685
1175
1688
1689
1180
1181
1184
1198
1201
1714
1717
1209
1721
1724
1214
1730
1736
1737
1746
1750
1752
1242
1761
1250
1255
1768
1269
1789
1791
1795
1800
1290
1804
1811
1813
1816
1819
1827
1835
1327
1329
1339
1340
1344
1861
1352
1867
1877
1367
1879
1370
1376
1377
1888
1891
1380
1390
1391
1416
906
1431
1435
925
1457
1471
1480
993
1003
1004
1516
1006
1520
1522
1523
