1024
1542
1547
1039
1040
1571
1068
1584
1078
1083
1086
1598
1091
1603
1604
1605
1610
1612
1101
1107
1632
1123
1125
1126
1130
107
1132
1146
1662
1663
1153
1665
1156
1668
1163
1683
1172
1184
1185
1707
1199
1712
1714
1205
1207
1722
1736
1741
1746
1238
1757
1250
1256
1772
1271
1793
1795
1796
1285
1288
1289
1290
1291
1800
1804
1809
1302
1816
1823
1826
1832
1833
1839
1330
1331
1335
1336
1849
1341
1861
1351
1352
1868
1359
1361
1879
1370
1886
1888
1380
1898
1390
1399
1402
1420
916
1431
1447
1449
1456
1457
946
953
959
960
1471
966
1480
1483
1488
982
983
1516
1006
