1538
1551
1554
1559
1048
1570
1059
1584
1076
1589
1590
1086
1603
1610
1612
1613
1107
1621
1622
1124
1637
1126
107
1643
1146
1149
1662
1663
1665
1156
1669
1675
1683
1689
1184
1185
1191
1195
1196
1707
1198
1199
1717
1211
1730
1222
1735
1736
1230
1752
1753
1243
1255
1256
1768
1769
1774
1782
1272
1793
1795
1799
1800
1290
1804
1810
1813
1305
1312
1827
1833
1323
1835
1836
1327
1839
1329
1845
1334
1339
1852
1341
1861
1352
1361
1369
1376
1377
1891
1399
1409
1420
916
921
925
927
946
947
953
1470
1471
967
1485
980
997
1509
1003
1520
1522
1528
1017
1530
