2053
2054
2062
2068
2071
2072
2075
2589
2592
2081
2594
2597
2598
2087
1577
2603
2608
2101
2102
2617
2111
2125
2127
2132
2133
2134
2649
2138
2652
2653
2143
2144
2153
2161
2169
2174
2177
2180
2183
136
2187
2189
2191
2199
2223
2224
1718
2235
2241
2243
2254
2259
2268
2279
2280
2282
2283
2289
2292
2294
2315
2319
2327
2328
2330
2333
2336
2344
2347
2377
2384
2390
2394
2396
2398
2420
1912
2434
2436
1926
2438
2445
1939
1941
1945
2458
1947
2463
1955
1959
2471
2479
2491
1981
1985
1994
2508
2509
2510
2511
2512
2007
2522
2533
2537
2026
2543
2032
2038
