3073
3078
3080
3085
3090
3096
3098
3104
3108
3117
3129
3135
3142
3158
3174
2664
2666
2669
3184
2673
2676
2679
2680
2681
2683
3195
2689
2694
3213
2705
2706
1684
3220
3226
3228
2717
3232
2729
3243
2738
3250
2743
2746
2749
2750
2754
2755
2756
2757
2763
3284
2777
3293
2782
2786
3301
2800
2806
2810
3324
2815
2827
3339
2835
3348
2839
2850
3362
2854
2862
2864
2866
2867
2872
2874
3387
2877
2880
3394
2887
3399
2896
2897
3414
2905
2906
2907
3417
2909
2910
2911
2912
2913
3426
2915
2916
3430
2919
2920
3433
2925
2927
2928
2933
2940
2943
2944
2945
2946
2948
2956
2960
2966
2967
2974
2981
2985
2986
3000
3004
3022
3023
3025
3026
3029
3033
3036
3054
3056
3064
3065
