1539
1028
1551
1559
1049
1562
1563
1059
1584
1589
1078
1079
1590
1597
1086
1598
1603
1604
1608
1610
1612
1101
1613
1614
1617
1621
1622
1637
1126
1639
1128
107
1132
1135
1653
1663
1156
1668
1669
1683
1184
1185
1199
1714
1717
1721
1211
1730
1735
1230
1746
1750
1752
1242
1243
1754
1757
1761
1250
1765
1768
1267
1269
1782
1272
1795
1287
1799
1800
1291
1804
1808
1813
1302
1816
1305
1823
1827
1832
1833
1835
1329
1845
1341
1352
1864
1867
1365
1367
1886
1376
1377
1888
1390
1391
1399
897
1416
1420
916
1431
927
1449
946
1467
1471
978
1491
993
1509
999
1516
1522
1528
1017
