2052
2053
2054
2567
2057
2572
2068
2582
2071
2072
2075
2588
2592
2081
2594
2597
2598
2087
1577
2603
2608
2609
2099
2101
2102
2616
2617
2110
2111
2117
2629
2127
2642
2643
2132
2133
2134
2135
2649
2138
2652
2653
2143
2144
2148
2149
2151
2153
2161
2169
2174
2176
2180
2183
136
2187
2191
2194
2196
2203
2215
2223
2224
2228
1718
2235
2241
2243
2246
2247
2250
2252
2254
2259
2273
2274
2279
2280
2282
2283
2289
2292
2294
2302
2304
2313
2315
2319
2325
2327
2328
2332
2333
2336
2338
2343
2344
2345
2347
2351
2361
2367
2368
2372
2377
2384
2385
2390
2394
2396
2398
2399
2417
2419
2420
1912
1916
1920
2432
2434
1926
2438
1932
1939
1940
1941
2451
1945
2458
1947
1948
2461
2463
2465
1954
1955
2468
1959
2471
2472
2475
2479
1970
1465
2491
1981
2498
1987
2501
1994
2508
2509
2510
2511
2512
2002
2003
2516
2518
2007
2010
2530
2533
2537
2028
2029
2543
2032
2547
2038
2039
2042
2555
2557
2047
