1024
1029
1542
1547
1551
1040
1554
1559
1563
1063
1068
1076
1589
1078
1083
1086
1598
1604
1605
1610
1101
1613
1107
1619
1620
1621
1117
1123
1125
1126
1637
1639
1130
107
1132
1652
1662
1663
1153
1665
1156
1668
1160
1163
1172
1173
1707
1199
1712
1714
1717
1207
1722
1214
1222
1736
1741
1230
1746
1238
1757
1250
1768
1271
1789
1791
1796
1285
1288
1289
1800
1804
1809
1813
1302
1816
1826
1832
1833
1835
1839
1330
1331
1335
1336
1849
1341
1351
1863
1864
1868
1359
1361
1367
1879
1370
1888
1377
1380
1898
1388
1900
1390
1902
1399
897
1409
906
916
1431
926
932
1447
1456
1457
1458
953
1470
959
960
1471
966
1480
1483
972
1488
982
983
993
997
1509
1516
1006
1520
1524
