1029
1551
1040
1553
1047
1559
1563
1056
1059
1571
1580
1589
1078
1590
1083
1086
1604
1605
1609
1610
1613
1107
1619
1620
1621
1622
1117
1124
1637
107
1135
1662
1663
1665
1156
1670
1160
1163
1675
1172
1173
1685
1688
1191
1707
1199
1201
1714
1205
1717
1722
1214
1730
1222
1736
1741
1230
1238
1243
1256
1768
1271
1791
1280
1793
1800
1289
1804
1809
1813
1826
1323
1330
1331
1842
1336
1849
1861
1868
1359
1361
1370
1888
1377
1898
1389
1390
1391
1902
897
1409
1431
932
1447
1456
1470
1471
1483
1487
1488
978
993
995
484
997
1509
1517
1520
1530
