2564
2055
2057
2059
2060
2064
2579
2069
2073
2074
2586
2077
2078
2590
2591
2593
2083
2084
2086
2088
2600
2090
2601
2602
2093
2604
2606
2607
2098
2611
2615
2619
2112
2625
2115
2630
2121
2122
2123
2131
2646
2140
2142
2655
2147
2150
2164
2179
2188
2190
2200
2201
2206
2213
2216
2218
2220
2229
2233
2244
2257
2258
2261
2266
2271
2278
2299
2300
2307
2309
2323
2324
2326
2334
2339
2340
2347
2352
2353
2354
2356
2363
2369
2370
2376
2386
2392
2404
2410
2414
2418
2423
1912
2428
1917
2433
2446
1938
1941
1943
1946
2460
2464
2468
2469
2477
1966
1971
2484
1979
1983
1984
1985
1986
2499
1989
2504
1993
2506
2507
1997
2005
2520
2521
2526
2532
2536
2539
2030
2542
2543
2546
2037
2550
2551
2040
2553
2043
2556
2045
2559
