3076
3101
3106
3113
3115
3116
3120
3132
3140
3145
3146
3148
3150
3152
3169
3172
2661
2665
3182
3185
2674
3191
3198
3201
3203
3204
3206
1684
3224
2713
2716
2719
2720
3239
3240
2730
3247
3252
2742
2748
3260
2753
3265
3267
3272
2765
3277
3280
2778
3291
2781
3297
2787
3299
2793
3306
2796
3316
3320
3321
3330
3332
2823
3335
2828
3342
2832
2833
3344
3345
3347
3350
3351
2840
3355
3357
2849
2853
2863
3378
2869
3381
3386
3391
3396
3397
3406
3409
3411
2901
2904
3416
3419
3421
3434
2936
2937
2939
2951
2970
2973
2989
2991
2992
3002
3009
3016
3017
3021
3034
3035
3038
3049
3051
3060
3070
