2052
2567
2068
2582
2071
2072
2588
2589
2592
2081
2594
2598
2087
1577
2608
2102
2616
2617
2111
2117
2629
2125
2127
2642
2643
2132
2133
2134
2649
2138
2143
2144
2149
2151
2153
2161
2169
2174
2176
2183
136
2187
2189
2191
2194
2196
2198
2199
2203
2223
2224
1718
2232
2241
2246
2247
2250
2254
2259
2268
2273
2279
2282
2283
2289
2292
2294
2302
2304
2319
2327
2328
2333
2334
2336
2343
2344
2347
2351
2368
2372
2377
2384
2394
2398
2399
2417
2419
1912
1916
1920
2434
2436
1926
1932
2445
1939
1940
2451
1945
1947
1948
2461
2463
2465
1954
1959
2473
2475
1970
2491
2498
2508
2509
2510
2511
2512
2002
2516
2518
2007
2519
2010
2533
2537
2028
2543
2032
2038
2039
2555
2047
