1024
1547
1551
1040
1554
1559
1059
1571
1068
1580
1584
1074
1076
1589
1078
1079
1086
1598
1603
1604
1605
1610
1612
1101
1613
1617
1107
1619
1621
1622
1117
1124
1125
1126
1130
107
1132
1663
1153
1665
1668
1160
1683
1172
1689
1181
1184
1185
1707
1199
1712
1714
1205
1721
1211
1214
1730
1222
1735
1736
1230
1746
1238
1750
1243
1250
1256
1768
1772
1267
1271
1791
1280
1796
1285
1799
1288
1800
1804
1823
1827
1833
1839
1842
1331
1335
1351
1352
1864
1361
1367
1879
1370
1888
1388
1390
1391
1399
916
1431
1437
1447
1456
946
952
953
1471
966
1480
1483
978
1491
983
993
1004
1516
1006
1017
1530
