1024
1026
1029
1542
1547
1551
1040
1047
1559
1056
1570
1571
1580
1584
1074
1589
1078
1590
1080
1083
1086
1598
1604
1605
1608
1609
1610
1101
1613
1107
1621
1622
1117
1124
1125
1126
1639
107
1663
1153
1665
1668
1669
1160
1675
1172
1173
1685
1175
1689
1184
1707
1199
1714
1205
1721
1211
1214
1730
1219
1222
1734
1736
1230
1746
1238
1750
1243
1250
1255
1256
1768
1772
1271
1791
1280
1796
1800
1804
1811
1816
1823
1827
1833
1323
1835
1839
1329
1842
1331
1845
1335
1861
1351
1352
1864
1868
1359
1361
1879
1370
1376
1377
1888
1898
1388
1390
1393
1399
1911
1420
916
1431
1437
932
934
1447
1456
946
953
1471
966
1483
978
980
993
997
1006
1017
1530
