1536
513
514
515
1018
517
1025
1543
520
1032
1545
524
525
526
527
535
537
538
1565
542
544
1574
553
1066
557
1582
559
560
561
563
566
567
1080
1595
1086
580
1606
1095
1099
1611
1102
591
1104
1616
596
1108
601
1113
1114
604
1625
606
1631
1122
614
1638
107
1645
1142
1654
1148
637
1660
639
1661
641
1155
1158
1673
651
1677
1166
1679
1680
1682
1179
1692
669
1694
671
1695
1192
1706
1204
1720
1210
1729
1732
1740
1742
1744
1237
1751
1245
1763
1766
1767
1261
1773
1778
1783
1273
1786
1277
1790
1281
1282
1794
1284
1801
1294
1300
1812
1303
1820
1309
1824
1313
1828
1318
1320
1324
1332
1844
1848
1850
1349
1357
1358
1870
1871
1875
1878
1881
1882
348
1373
1374
353
1893
1382
1894
363
1899
366
367
1392
370
1907
1396
373
374
1397
376
1400
378
1406
896
385
1408
388
391
392
395
397
1425
1427
404
917
1429
919
408
412
414
416
417
930
419
420
933
422
1446
936
430
431
432
942
1454
1455
436
948
438
1464
954
444
446
1473
962
1475
461
463
976
465
1487
1490
1492
1495
984
473
475
479
482
484
1508
487
1512
1001
1514
1515
492
493
494
496
497
500
1012
1014
503
506
507
1020
