2052
2054
2057
2572
2068
2582
2071
2588
2592
2081
2598
2087
1577
2603
2608
2102
2616
2617
2111
2117
2629
2125
2127
2642
2643
2132
2133
2134
2649
2138
2143
2151
2153
2155
2169
2174
2176
2183
2185
2187
2189
2194
2196
2198
2199
2203
2215
2223
2224
2226
1718
2241
2246
2247
2250
2254
2268
2273
2279
2282
2283
2289
2292
2293
2294
2302
2319
2325
2328
2330
2332
2333
2336
2338
2343
2344
2347
2351
2368
2372
2384
2385
2398
2399
2419
1912
1916
1920
2434
2436
1926
1932
2445
1940
1945
1947
2461
2463
1954
1959
2471
2475
1964
1465
2491
2498
2508
2509
2510
2512
2002
2516
2007
2519
2010
2525
2529
2533
2028
2031
2032
2543
2547
2038
2039
2042
2555
2047
