2052
2053
2054
2062
2582
2072
2075
2588
2592
2081
2597
2598
2087
1577
2603
2096
2608
2101
2102
2616
2617
2111
2629
2125
2128
2642
2132
2133
2135
2649
2138
2652
2143
2148
2149
2151
2153
2161
2169
2174
2176
2177
2180
2183
2194
2199
2203
2223
2224
1718
2235
2239
2241
2243
2246
2247
2250
2252
2254
2267
2273
2274
2279
2282
2283
2289
2292
2294
2304
2325
2327
2328
2332
2333
2336
2343
2344
2351
2368
2372
2377
2384
2390
2392
2394
2396
2399
2415
2419
2420
1912
1916
1920
2432
2434
1926
2438
1939
1940
1941
2451
1945
2458
1947
2461
2463
1954
1955
1959
2471
2475
1970
1465
2491
1981
2498
2501
2510
2511
2512
2002
2003
2518
2007
2010
2537
2028
2029
2032
2544
2547
2038
2555
2047
