2560
2561
2564
2059
2060
2573
2062
2063
2064
2574
2575
2578
2579
2073
2074
2586
2077
2078
2590
2591
2593
2083
2084
2551
2088
2600
2090
2601
2602
2093
2604
2606
2607
2098
2611
2103
2104
2615
2619
2108
2109
2624
2625
2115
2118
2630
2631
2121
2122
2123
2124
2638
2131
2139
2140
2142
2654
2655
2150
2154
2172
2184
2188
2189
2190
2201
2206
2210
2212
2218
2220
2229
2233
2240
2244
2253
2258
2266
2271
2275
2276
2290
2300
2306
2307
2308
2309
2323
2324
2326
2331
2334
2339
2340
2347
2348
2352
2353
2354
2369
2370
2374
2376
2381
2387
2393
2395
2404
2409
2410
2414
2423
1912
2428
1917
1918
1925
2443
1938
1943
1946
2460
2462
2464
2467
2468
2469
1962
1963
2476
1966
2478
2482
2485
1979
2492
1983
1984
1985
1986
2499
2500
2501
2504
1993
2507
2005
2520
2521
2524
2526
2020
2532
2536
2030
2542
2543
2033
2546
2037
2549
2550
2040
2553
2043
2556
2045
2559
