1024
1538
1547
1551
1040
1554
1556
1584
1589
1078
1083
1086
1598
1604
1610
1612
1101
1107
1619
1620
1117
1123
1124
1126
107
1132
1652
1662
1663
1153
1665
1668
1163
1172
1184
1185
1191
1707
1198
1199
1712
1714
1207
1211
1730
1736
1230
1238
1757
1256
1267
1271
1789
1793
1795
1285
1799
1288
1289
1800
1291
1804
1809
1810
1302
1816
1823
1827
1833
1839
1330
1842
1335
1336
1849
1341
1351
1352
1864
1868
1365
1367
1879
1370
1886
1888
1380
1898
1390
1391
1902
1398
1399
916
1431
925
1437
1449
1456
1457
946
1471
960
966
1480
1488
1491
982
983
1501
997
999
1516
1006
1522
1017
1530
