1026
1547
1551
1554
1559
1059
1580
1584
1589
1078
1083
1597
1086
1598
1604
1605
1609
1610
1101
1613
1107
1619
1621
1117
1124
1125
1637
107
1132
1146
1662
1663
1153
1665
1156
1668
1163
1173
1689
1191
1707
1199
1201
1714
1205
1721
1211
1214
1730
1219
1222
1736
1230
1746
1238
1750
1757
1256
1768
1791
1280
1793
1800
1289
1804
1293
1809
1813
1816
1821
1823
1833
1839
1330
1331
1842
1335
1849
1341
1351
1352
1868
1361
1879
1376
1888
1388
1390
1902
1399
1409
907
1420
916
1431
925
932
1447
1456
946
953
1471
966
968
1480
1483
993
997
999
1517
1006
1530
1535
