1538
1547
1551
1554
1557
1559
1059
1580
1584
1076
1589
1078
1079
1594
1597
1086
1598
1603
1604
1608
1610
1612
1101
1613
1107
1619
1621
1622
1623
1632
1124
1125
1126
107
1132
1662
1663
1153
1665
1668
1163
1172
1173
1181
1184
1185
1191
1707
1198
1199
1712
1714
1721
1211
1214
1730
1222
1736
1737
1230
1746
1238
1754
1757
1250
1256
1772
1267
1789
1793
1796
1799
1288
1289
1290
1291
1800
1293
1804
1810
1811
1813
1816
1823
1827
1833
1323
1839
1330
1842
1849
1339
1341
1351
1352
1864
1365
1367
1879
1369
1370
1376
1377
1888
1390
1391
1902
1393
1399
916
1431
925
1437
1447
1456
1471
966
1483
1488
1491
993
999
1004
1516
1006
1522
1017
1530
