2052
2054
2068
2581
2582
2071
2072
2588
2589
2081
2594
2598
2087
1577
2608
2610
2612
2102
2616
2617
2111
2117
2125
2127
2643
2133
2135
2649
2138
2653
2143
2144
2148
2149
2151
2153
2169
2176
2180
2183
136
2187
2189
2194
2199
2203
2209
2211
2223
2224
1718
2239
2241
2242
2246
2247
2249
2250
2254
2264
2267
2268
2279
2283
2285
2289
2292
2294
2296
2319
2325
2327
2328
2330
2336
2338
2343
2368
2372
2377
2384
2398
2419
1912
1916
2434
1923
2436
1926
2445
2451
1940
1945
2458
1947
2461
2463
1954
1955
1959
2471
2475
1964
2491
2498
1987
2508
2509
2510
2511
2512
2007
2010
2537
2028
2031
2032
2547
2038
2047
