2560
2561
2563
2052
2053
2054
2055
2567
2058
2059
2573
2062
2063
2064
2574
2575
2578
2068
2069
2579
2071
2072
2073
2074
2582
2586
2077
2078
2590
2591
2081
2592
2083
2084
2551
2086
2087
2088
1577
2090
2597
2598
2093
2600
2095
2601
2602
2098
2554
2604
2606
2102
2103
2104
2555
2609
2611
2615
2619
2111
2112
2623
2624
2625
2117
2118
2629
2630
2121
2122
2123
2124
2125
2559
2631
2128
2638
2131
2643
2134
2135
2136
2137
2138
2139
2140
2646
2142
2653
2655
2148
2149
2150
2151
2153
2154
2165
2169
2172
2179
2180
2183
2184
2187
2188
2189
2190
2191
2194
2196
2199
2200
2201
2206
2208
2210
2212
2216
2218
2220
2223
2224
2229
2233
2237
2239
2240
2241
2244
2246
2247
2250
2253
2257
2259
2261
2264
2266
2271
2273
2275
2276
2278
2279
2282
2283
2289
2292
2293
2593
2299
2300
2302
2308
2309
2315
2319
2323
2324
2326
2329
2331
2332
2333
2334
2336
2338
2339
2340
2344
2348
2351
2354
2356
2363
2607
2369
2370
2372
2374
2376
2377
2381
2384
2386
2387
2395
2398
2399
2404
2407
2408
2409
2410
2414
2418
2419
2420
2423
1912
2427
2428
1917
1918
2429
1920
2430
2433
2436
1925
1926
1929
1932
2446
1938
2451
1940
1941
1943
1945
1946
1947
1948
2460
2462
2463
2464
1953
1954
2467
2468
2469
1959
2471
2472
1962
2475
1966
2482
1971
2484
2485
1465
2489
1979
2491
2492
1983
1984
1985
2499
2500
1993
1994
2506
2507
1997
2508
2510
2511
2002
2005
2518
2007
2521
2010
2522
2526
2530
2020
2533
2026
2539
2028
2030
2542
2032
2033
2543
2546
2547
2037
2550
2039
2040
2042
2043
2556
2045
2046
2047
