2052
2053
2054
2567
2068
2582
2071
2072
2588
2592
2081
2594
2597
2598
2087
1577
2609
2610
2101
2102
2107
2111
2628
2629
2637
2126
2128
2641
2643
2134
2135
2137
2138
2653
2144
2145
2148
2149
2153
2169
2174
2183
136
2187
2191
2194
2196
2198
2199
2203
2205
2209
2211
2215
2224
2226
1718
2232
2241
2242
2246
2247
2250
2254
2264
2268
2272
2273
2279
2282
2283
2292
2294
2302
2305
2310
2315
2317
2319
2325
2327
2328
2336
2343
2344
2345
2347
2351
2367
2368
2372
2377
2384
2385
2394
2416
2419
2420
1912
1920
2434
1923
2436
1930
1932
1940
1941
1944
1945
2458
1947
1948
2461
2463
2465
1954
1955
1959
2471
2472
2475
1964
2480
1465
2491
2496
1994
2508
2007
2525
2530
2533
2537
2028
2029
2031
2543
2544
2039
2042
2555
2557
