2560
2561
2056
2059
2573
2574
2063
2575
2578
2579
2069
2073
2074
2586
2078
2590
2591
2551
2084
2088
2600
2601
2602
2604
2611
2615
2104
2109
2624
2625
2115
2118
2630
2631
2122
2123
2638
2131
2140
2142
2150
2164
2172
2184
2188
2190
2201
2206
2210
2213
2218
2220
2229
2233
2244
2257
2266
2271
2278
2290
2299
2300
2308
2323
2324
2331
2339
2340
2347
2348
2352
2359
2369
2376
2395
2404
2410
2423
1912
2428
1917
1918
1925
1938
1943
1946
2460
2462
2464
2468
1962
1963
1971
1979
2492
1984
2499
2500
1993
2506
2507
2005
2520
2020
2030
2542
2543
2033
2037
2549
2550
2040
2553
2043
2556
2045
2046
