1026
1539
1547
526
1551
1554
1557
1048
1049
1054
1059
1572
1584
1075
1076
1589
1078
1079
1597
1086
1600
1603
1092
1605
1610
1612
1613
1617
1618
1107
1620
1621
1110
1622
1112
1623
1116
1632
1125
1126
1128
107
1132
1644
1652
1653
1146
1659
1149
1663
1665
1668
1669
1163
1683
1685
1688
1689
1181
1184
1185
1707
1198
1199
1714
1717
1209
1721
1211
1724
1730
1219
1220
1222
1735
1737
1741
1230
1746
1750
1752
1242
1757
1250
1255
1256
1269
1782
1272
1789
1278
1791
1793
1796
1287
1799
1289
1800
1804
1293
1809
1810
1813
1302
1816
1305
1819
1823
1312
1826
1827
1833
1835
1839
1331
1335
1849
1339
1851
1341
1344
1351
1352
1867
1877
1879
1886
1375
1376
1377
1888
1380
1390
1391
1909
1399
1416
906
1420
1431
921
925
927
934
1449
946
947
952
1471
966
967
1488
978
1491
980
1509
999
1003
1004
1516
1006
1520
1522
1524
1017
1530
