1029
1542
1039
1551
1559
1056
1570
1571
1580
1584
1076
1589
1078
1079
1083
1597
1086
1598
1092
1604
1605
1608
1609
1610
1612
1613
1107
1619
1622
1117
1632
1124
1637
1126
107
1662
1151
1663
1153
1665
1156
1669
1160
1163
1675
1172
1173
1685
1175
1180
1181
1702
1191
1707
1199
1712
1201
1714
1205
1717
1207
1721
1722
1211
1723
1214
1730
1222
1741
1746
1238
1761
1255
1256
1768
1772
1267
1271
1280
1793
1285
1288
1800
1804
1809
1811
1813
1816
1826
1827
1323
1835
1839
1330
1331
1842
1843
1335
1336
1849
1861
1863
1352
1868
1359
1361
1879
1370
1376
1377
1888
1380
1898
1388
1389
1390
1391
1902
1399
1402
897
1409
1431
920
932
1456
1457
1458
1463
953
1470
959
960
1471
1483
1488
993
995
997
1509
1517
1535
