2052
2053
2054
2568
2062
2068
2071
2075
2589
2592
2081
2594
2597
2598
1577
2603
2096
2608
2101
2617
2110
2111
2117
2629
2125
2127
2132
2133
2135
2137
2138
2649
2652
2653
2144
2153
2161
2169
2174
2180
2183
136
2187
2189
2198
2199
2203
2222
2223
2224
1718
2232
2235
2241
2243
2247
2254
2268
2274
2279
2280
2282
2283
2289
2292
2294
2304
2315
2319
2327
2328
2333
2336
2338
2344
2347
2377
2384
2390
2394
2396
2398
2399
2415
2417
2420
1912
1920
2434
2436
1926
2438
1932
2445
1939
2451
1941
1945
2458
1947
1948
2461
2463
1954
1955
2468
1959
2471
2479
1970
2491
1981
2501
2508
2509
2510
2511
2003
2516
2518
2007
2533
2537
2026
2032
2038
2039
2555
2047
