1539
1028
1540
1551
1554
1557
1047
1049
1059
1584
1075
1076
1589
1078
1079
1597
1086
1598
1600
1612
1613
1614
1620
1621
1622
1623
1112
1632
1126
107
1643
1644
1646
1135
1652
1653
1146
1659
1663
1665
1675
1683
1173
1175
1688
1689
1181
1184
1198
1199
1714
1717
1209
1721
1724
1730
1222
1735
1741
1230
1746
1238
1750
1752
1242
1243
1761
1250
1771
1267
1789
1278
1793
1795
1796
1287
1799
1800
1290
1813
1816
1819
1827
1833
1835
1331
1339
1340
1344
1352
1361
1877
1367
1881
1885
1886
1375
1376
1377
1888
1390
1391
1399
906
1420
913
1431
1435
925
946
947
1467
967
1491
993
1003
1004
1516
1523
1524
1017
1530
1532
