2560
2561
2564
2059
2060
2573
2064
2578
2579
2069
2073
2074
2586
2077
2078
2590
2593
2083
2084
2086
2088
2600
2090
2601
2602
2093
2604
2607
2098
2611
2103
2104
2615
2619
2108
2109
2623
2112
2624
2625
2115
2118
2630
2631
2122
2123
2638
2131
2646
2139
2142
2654
2655
2150
2164
2172
2184
2188
2190
2200
2201
2206
2210
2218
2220
2229
2233
2237
2240
2244
2253
2266
2271
2275
2276
2278
2290
2299
2306
2307
2308
2309
2323
2324
2326
2331
2334
2339
2340
2347
2352
2354
2356
2369
2376
2381
2385
2386
2395
2409
2410
2414
2423
1912
2428
1918
2430
1925
2446
1938
1941
1943
1946
2460
2464
2467
2468
2469
1966
2478
2482
1971
2492
1983
1984
1985
1986
2495
1993
2506
2507
1997
2005
2520
2521
2020
2021
2532
2539
2030
2542
2543
2033
2549
2550
2551
2040
2553
2556
2045
2559
