2560
2564
2058
2059
2573
2064
2578
2579
2069
2073
2074
2586
2078
2590
2593
2086
2088
2600
2090
2601
2602
2093
2604
2607
2098
2611
2103
2104
2615
2108
2623
2624
2625
2118
2122
2123
2124
2638
2131
2646
2136
2139
2142
2655
2150
2154
2172
2179
2184
2188
2190
2200
2201
2206
2213
2216
2218
2220
2229
2233
2237
2240
2244
2261
2266
2271
2275
2278
2287
2290
2303
2306
2307
2308
2309
2323
2324
2326
2329
2331
2334
2339
2340
2347
2352
2354
2356
2359
2363
2370
2376
2381
2392
2404
2407
2408
2409
2410
2414
2418
2423
1912
2428
1917
2429
2430
2446
1938
1941
1943
1946
2464
1953
2467
1959
1962
1963
1966
2482
2485
2489
1979
2492
1983
1984
1985
2500
2507
1997
2005
2007
2521
2526
2539
2033
2549
2550
2551
2553
2043
2045
