2052
1029
2053
2054
2567
2062
2068
2582
2071
2072
2588
2589
2592
2081
2594
2597
2598
2087
2605
2608
2609
1074
1077
2101
2102
2616
2617
2111
2117
2629
2125
2127
2128
1618
2642
2132
2133
2134
2135
2643
2137
2138
2649
2653
2143
2144
2148
2149
2151
2153
107
2163
2169
2174
2176
1666
2180
2183
2187
2189
2191
2194
2196
1173
2198
2199
2203
2215
2223
2224
1718
2239
2241
2246
2247
2250
2264
2267
2268
2273
2279
2282
2283
2285
2289
2292
2293
2294
2295
2298
2302
1289
2315
2319
2327
2328
2332
2333
2336
2338
2343
2344
2347
2351
2355
2368
2372
2377
2384
1361
2385
2389
2394
2398
2413
2417
2419
2420
1912
1913
1916
1920
2436
1932
2445
2451
1940
1941
1945
2458
1947
1948
2461
2463
2465
1954
2468
1959
2471
2472
2475
1465
2491
2498
2502
1994
2508
2509
2510
2511
2512
2002
2516
2007
2519
2010
2529
2533
2026
2028
2543
2032
2544
2547
2038
2039
2042
2555
1534
2047
