1539
1551
1554
1557
1047
1559
1563
1059
1584
1075
1589
1078
1079
1083
1597
1086
1600
1092
1605
1610
1612
1613
1617
1621
1622
1623
1632
1124
1637
1126
107
1132
1643
1644
1652
1653
1146
1659
1149
1662
1663
1156
1669
1163
1675
1683
1175
1689
1181
1184
1185
1700
1198
1199
1714
1717
1721
1211
1222
1735
1736
1737
1741
1746
1750
1752
1753
1242
1243
1761
1250
1256
1768
1267
1795
1796
1799
1800
1290
1804
1810
1811
1813
1816
1819
1827
1833
1323
1835
1839
1329
1330
1331
1842
1335
1849
1339
1340
1341
1344
1861
1352
1867
1361
1877
1367
1879
1375
1376
1377
1888
1390
1391
1399
1416
1420
916
1431
925
934
1447
1451
946
952
1467
967
1480
1485
978
1491
993
1509
999
1003
1004
1516
1520
1522
1523
1017
1530
1532
