1024
1538
1547
1039
1551
1554
1559
1563
1570
1059
1571
1068
1580
1584
1074
1076
1589
1078
1079
1083
1597
1086
1598
1603
1604
1608
1609
1610
1612
1101
1613
1617
1107
1620
1621
1623
1117
1632
1123
1124
1125
1126
1128
1130
107
1132
1643
1652
1653
1149
1662
1663
1665
1156
1668
1669
1683
1172
1689
1181
1184
1185
1702
1191
1707
1198
1199
1712
1714
1721
1214
1730
1222
1735
1736
1737
1741
1230
1746
1750
1752
1243
1757
1761
1250
1768
1267
1269
1793
1287
1799
1289
1800
1291
1804
1293
1810
1813
1302
1816
1305
1821
1823
1826
1827
1833
1835
1839
1330
1331
1842
1843
1845
1335
1336
1849
1341
1858
1351
1352
1863
1864
1361
1367
1879
1370
1886
1376
1377
1888
1380
1390
1391
1902
1393
1398
1399
1409
1416
1420
916
1431
925
1437
1439
932
934
1447
1449
946
947
1458
952
1467
1471
960
966
1480
1488
1491
980
982
983
993
1509
999
1004
1516
1006
1520
1522
1017
1530
