2560
2563
2564
2056
2059
2573
2575
2578
2579
2073
2074
2586
2077
2078
2590
2591
2593
2083
2084
2088
2600
2090
2601
2602
2093
2604
2095
2607
2098
2611
2615
2104
2619
2108
2109
2624
2625
2115
2118
2630
2631
2121
2122
2123
2124
2638
2131
2139
2140
2142
2654
2655
2150
2154
2165
2172
2188
2190
2200
2201
2206
2212
2213
2216
2218
2220
2229
2233
2240
2244
2257
2261
2266
2275
2276
2290
2300
2307
2308
2309
2323
2324
2326
2331
2339
2340
2347
2348
2352
2353
2354
2356
2359
2363
2369
2370
2374
2381
2392
2395
2404
2409
2410
2414
2418
2423
1912
2428
1917
1918
2430
2433
1925
1938
1946
2462
2464
2467
1962
2477
1966
1971
2484
1979
2492
1983
1984
1985
2495
2499
2500
1989
2504
1993
2506
2507
1997
2005
2520
2526
2020
2026
2030
2542
2033
2546
2037
2549
2551
2040
2553
2554
2043
2045
2559
