3076
3079
3082
3089
3101
3102
3106
3115
3116
3120
3132
3140
3146
3148
3150
3152
3160
3169
3172
2661
3179
3182
3185
2674
3188
3194
3198
3199
2687
3201
3206
3209
3212
1684
2712
3224
2716
2719
3239
3240
3247
3252
3258
2748
3260
2753
3265
3267
2765
3277
3280
2770
3288
2778
3291
2780
2781
2785
3297
3298
3299
2793
2796
3316
3319
3320
3321
3330
3332
3335
2828
3344
3345
3347
3350
3351
3352
3355
2846
3360
2849
2863
3378
2869
2875
3391
3396
3397
2894
3406
3411
2901
2904
3416
3419
2937
2939
2970
2973
2989
2991
2992
3007
3013
3017
3021
3027
3035
3038
3041
3046
3049
3051
3058
3060
3070
