2052
2053
2054
2567
2062
2068
2582
2071
2072
2592
2081
2597
2598
2087
1577
2608
2609
2102
2616
2617
2111
2117
2629
2125
2127
2128
2643
2134
2135
2137
2138
2649
2653
2144
2148
2149
2151
2153
2161
2180
2183
2187
2191
2194
2196
2199
2215
2223
2224
1718
2235
2241
2246
2247
2250
2259
2267
2279
2282
2283
2285
2292
2293
2294
2302
2315
2319
2327
2328
2332
2333
2336
2338
2343
2347
2351
2372
2384
2385
2398
2399
2420
1912
2434
2438
1932
1939
1940
1941
1945
2458
1948
2461
2463
2465
1955
2468
1959
2471
2472
2475
1465
1987
2502
1994
2508
2509
2510
2511
2512
2516
2007
2010
2533
2028
2543
2032
2547
2038
2039
2042
2555
2047
