2560
2561
2564
2059
2573
2574
2064
2578
2579
2069
2073
2074
2586
2078
2590
2593
2084
2088
2552
2601
2602
2604
2607
2098
2611
2103
2619
2108
2112
2624
2625
2115
2630
2631
2121
2123
2124
2638
2131
2139
2140
2142
2655
2164
2165
2172
2184
2201
2206
2220
2229
2233
2240
2244
2261
2266
2271
2275
2276
2278
2290
2299
2306
2308
2309
2323
2324
2326
2329
2331
2339
2340
2348
2354
2363
2369
2374
2376
2395
2404
2408
2409
2410
2414
1912
2428
1918
2430
2433
1925
1929
2446
1938
1943
1946
2460
2462
2464
2468
1962
1963
2477
1966
1971
2484
2485
2492
1983
1984
1985
1986
2495
2499
2500
1993
2506
2507
1997
2520
2521
2526
2020
2030
2542
2543
2033
2037
2549
2551
2040
2043
2556
2045
2046
2559
