2052
2054
2068
2582
2071
2072
2588
2589
2081
2594
2597
2598
2087
1577
2605
2608
2102
2616
2617
2111
2629
2125
2127
2642
2643
2133
2138
2143
2144
2148
2149
2151
2161
2163
2169
2174
2176
2180
2183
136
2187
2189
2191
2199
2203
2223
2224
1718
2232
2241
2250
2254
2259
2268
2273
2279
2282
2283
2289
2292
2294
2295
2319
2327
2328
2330
2332
2336
2338
2343
2351
2368
2377
2384
2394
2398
2399
2417
2419
1912
1916
1920
2436
1926
1932
2445
2451
1940
1941
1945
2458
1948
2461
2463
1954
1955
2471
2473
2475
1465
2491
2498
2501
2502
2508
2509
2510
2511
2512
2516
2007
2519
2010
2533
2537
2028
2543
2032
2038
2042
2555
2047
