1026
1539
1547
1551
1554
1557
1559
1048
1049
1532
1054
1059
1572
1580
1584
1075
1076
1589
1078
1079
1083
1597
1086
1598
1600
1603
1605
1608
1610
1612
1101
1613
1617
1107
1619
1620
1621
1622
1112
1623
1114
1117
1632
1637
1126
1639
1128
1130
107
1132
1643
1644
1135
1652
1653
1146
1659
1149
1662
1663
1153
1665
1156
1668
1669
1163
1683
1172
1685
1688
1689
1181
1184
1185
1707
1198
1199
1712
1714
1717
1207
1209
1721
1211
1723
1730
1734
1735
1736
1737
1741
1230
1237
1238
1750
1752
1242
1243
1757
1761
1250
1255
1256
1768
1267
1780
1269
1271
1789
1278
1793
1795
1796
1287
1288
1799
1290
1291
1800
1293
1804
1809
1810
1813
1302
1816
1305
1819
1823
1826
1827
1833
1835
1839
1329
1330
1331
1335
1849
1339
1340
1341
1344
1352
1867
1868
1877
1367
1879
1370
1886
1375
1376
1377
1888
1891
1380
1898
1390
1391
1902
1399
1402
1409
1416
906
1420
916
1431
1435
925
934
1447
1449
1456
1457
946
947
952
1467
1471
966
1483
1488
978
1491
980
993
1509
999
1003
1004
1516
1006
1520
1522
1523
1524
1528
1017
1530
1020
