1026
1538
1028
1539
1547
1551
1554
1557
1559
1049
1563
1570
1059
1584
1589
1078
1597
1086
1598
1600
1092
1608
1610
1612
1613
1107
1619
1621
1622
1623
1126
1128
107
1132
1643
1135
1146
1149
1662
1663
1156
1668
1669
1675
1164
1685
1181
1182
1184
1185
1195
1707
1199
1712
1714
1717
1721
1211
1730
1222
1734
1735
1736
1741
1230
1746
1750
1752
1753
1242
1757
1761
1250
1255
1768
1267
1269
1272
1791
1793
1795
1799
1800
1289
1291
1804
1810
1813
1302
1305
1823
1312
1827
1833
1835
1839
1329
1330
1331
1845
1334
1335
1849
1341
1352
1864
1361
1367
1879
1886
1376
1377
1888
1390
1391
1399
1401
1420
1431
921
927
934
1449
1456
946
947
952
1467
1471
960
967
978
1491
980
993
1509
999
1004
1516
1006
1520
1522
1528
1017
1530
