2561
2563
2564
2058
2059
2574
2064
2073
2586
2078
2590
2591
2593
2084
2088
2600
2090
2601
2602
2093
2604
2095
2607
2611
2103
2615
2619
2109
2112
2624
2115
2118
2630
2123
2124
2131
2140
2142
2654
2655
2150
2165
2172
2184
2188
2190
2200
2201
2206
2218
2233
2240
2244
2253
2266
2275
2276
2309
2323
2324
2326
2331
2339
2340
2363
2369
2376
2381
2386
2391
2404
2408
2409
2410
2414
2423
1912
2428
1918
2430
2433
1925
1929
1938
1942
1943
1946
2460
2464
2467
2468
1966
1971
2484
1979
2492
1983
1984
2495
2500
1993
2507
1997
2526
2532
2030
2542
2033
2546
2550
2551
2046
