2561
2059
2060
2573
2574
2575
2064
2578
2579
2069
2073
2586
2078
2593
2083
2084
2088
2601
2090
2602
2604
2093
2607
2098
2611
2103
2104
2615
2619
2108
2109
2624
2625
2630
2631
2121
2122
2123
2124
2131
2140
2142
2655
2150
2154
2172
2179
2184
2188
2190
2206
2210
2213
2218
2220
2229
2233
2237
2240
2244
2253
2257
2261
2266
2271
2278
2290
2300
2306
2307
2308
2309
2324
2326
2331
2334
2339
2340
2347
2348
2352
2369
2370
2374
2376
2381
2386
2391
2392
2395
2407
2408
2410
2414
1912
1917
2433
1929
1938
1941
1942
1943
2460
2464
2467
2469
1962
2478
1971
1979
2492
1985
1986
2504
1993
2507
2005
2520
2521
2526
2020
2532
2030
2542
2033
2549
2550
2040
2553
2045
2559
