1539
1028
1551
1554
1559
1048
1059
1584
1076
1589
1078
1590
1597
1086
1598
1603
1612
1613
1614
1617
1107
1621
1623
1123
1637
1126
1639
1128
1130
107
1132
1643
1135
1146
1149
1662
1663
1669
1685
1175
1185
1195
1196
1707
1198
1199
1714
1211
1730
1734
1735
1746
1750
1757
1761
1765
1255
1768
1769
1267
1269
1782
1272
1791
1799
1800
1291
1804
1805
1302
1305
1823
1312
1827
1833
1835
1839
1329
1843
1334
1846
1339
1851
1341
1352
1867
1371
1886
1376
1377
1888
1389
1390
1391
1398
1399
1405
897
1416
1420
1431
921
922
927
934
1449
946
947
1458
952
967
1480
1488
1491
980
991
993
1509
1004
1516
1520
1522
1528
1017
