1024
1539
1542
1547
1554
1557
1559
1059
1063
1068
1069
1584
1078
1083
1086
1598
1604
1605
1610
1101
1107
1619
1621
1117
1123
1124
1125
1126
1130
107
1132
1662
1663
1153
1665
1156
1668
1160
1163
1689
1184
1185
1191
1707
1198
1199
1712
1714
1205
1717
1207
1722
1211
1737
1741
1230
1746
1238
1752
1250
1256
1768
1782
1271
1272
1789
1280
1793
1285
1288
1800
1291
1804
1293
1809
1810
1813
1302
1816
1305
1823
1826
1827
1832
1833
1836
1839
1330
1331
1845
1335
1336
1341
1863
1352
1868
1359
1361
1367
1879
1370
1888
1377
1380
1898
1390
1391
1398
1399
1402
1409
1431
932
1447
1449
1456
1457
946
1458
953
1467
1471
960
966
1480
972
978
982
983
995
1003
1516
1006
1522
1530
