2052
2053
2054
2567
2062
2068
2582
2071
2072
2588
2592
2081
2597
2598
2087
2599
1577
2608
2609
2102
2616
2111
2117
2125
2127
2128
2642
2643
2132
2133
2134
2135
2137
2138
2649
2143
2148
2149
2151
2153
2169
2180
2183
136
2187
2194
2196
2199
2203
2215
2224
1718
2241
2246
2247
2250
2268
2273
2278
2279
2282
2283
2285
2289
2292
2293
2294
2295
2302
2315
2319
2327
2328
2332
2333
2336
2338
2343
2344
2347
2351
2372
2377
2384
2385
2398
2400
2419
2420
1912
1920
2436
1932
1941
1945
1947
1948
2461
2463
2465
1954
1955
2471
2472
2475
1972
1465
2491
2496
2502
1994
2509
2510
2512
2516
2007
2010
2533
2026
2028
2543
2032
2544
2039
2042
2555
2047
