2052
2053
2054
2567
2068
2582
2071
2588
2592
2081
2597
2598
2087
1577
2605
2608
2609
2102
2616
2111
2117
2629
2125
2128
2642
2643
2133
2134
2135
2649
2138
2653
2143
2148
2149
2153
2163
2174
2176
2180
2183
2187
2191
2194
2196
2199
2223
2224
1718
2241
2247
2250
2273
2279
2282
2283
2289
2292
2293
2294
2295
2298
2302
2315
2328
2330
2332
2333
2336
2338
2347
2351
2372
2384
2420
1912
1916
1920
1932
1940
1941
1945
1947
1948
2461
2463
2465
2471
2472
2475
1465
2502
1994
2509
2510
2512
2516
2519
2010
2533
2543
2032
2039
2042
2555
2047
