1024
1542
1547
1551
1040
1559
1059
1571
1068
1069
1584
1078
1083
1086
1598
1091
1603
1604
1610
1612
1101
1613
1617
1107
1619
1622
1123
1125
1126
1130
107
1132
1652
1663
1153
1665
1156
1668
1163
1175
1707
1199
1712
1714
1207
1211
1214
1736
1238
1256
1271
1272
1789
1793
1285
1287
1288
1289
1799
1291
1800
1804
1809
1302
1816
1305
1823
1827
1832
1833
1839
1331
1336
1863
1879
1370
1888
1898
1388
1390
1398
1399
1409
916
1431
926
1447
1449
1456
946
959
1471
966
1480
972
1488
982
997
998
1006
1519
1527
1017
