2052
2053
2054
2567
2057
2068
2582
2071
2072
2589
2592
2081
2594
2597
2598
2087
1577
2608
2609
2102
2617
2111
2117
2629
2125
2127
2128
2642
2643
2133
2134
2135
2649
2653
2144
2148
2149
2151
2153
2169
2174
2176
2180
2183
136
2187
2189
2191
2194
2196
2198
2199
2203
2215
2223
2224
2232
2239
2241
2250
2254
2259
2267
2273
2279
2282
2283
2289
2292
2293
2294
2302
2305
2315
2319
2325
2328
2332
2333
2336
2338
2344
2347
2351
2368
2372
2377
2384
2385
2387
2394
2398
2417
2420
1912
1920
2436
1926
1932
2445
2451
1940
1941
1945
2458
1948
2461
2463
2465
1954
1955
1959
2471
2472
1964
1465
2491
2496
1987
1994
2508
2509
2510
2511
2512
2007
2533
2537
2026
2028
2031
2032
2543
2038
2039
2042
2555
2047
