1024
1547
1040
1556
1559
1572
1584
1589
1078
1083
1086
1605
1610
1101
1107
1619
1621
1117
1125
1126
1130
107
1132
1652
1662
1663
1153
1665
1668
1163
1172
1181
1184
1185
1191
1707
1199
1714
1717
1721
1211
1730
1219
1222
1736
1737
1230
1746
1238
1757
1256
1271
1789
1793
1285
1799
1288
1289
1800
1291
1804
1809
1810
1813
1302
1816
1305
1821
1823
1826
1827
1832
1833
1839
1330
1331
1335
1336
1849
1341
1351
1352
1864
1868
1361
1367
1879
1370
1886
1888
1380
1898
1390
1902
1399
1416
906
916
1431
1449
1456
1457
946
1471
960
1488
978
1491
982
983
999
1516
1006
1522
1017
