2052
2053
2054
2062
2068
2582
2071
2072
2588
2592
2081
2594
2598
2087
1577
2603
2605
2102
2616
2111
2629
2642
2643
2133
2649
2138
2143
2148
2149
2151
2153
2161
2163
2169
2174
2176
2183
2187
2196
2198
2203
2223
2224
1718
2232
2241
2243
2246
2247
2250
2273
2279
2282
2283
2289
2292
2294
2295
2298
2302
2304
2319
2327
2328
2332
2333
2336
2338
2343
2344
2347
2351
2368
2372
2384
2398
2399
2419
1912
1916
1920
2434
1926
1932
1939
1940
1941
2451
1945
2458
1948
2461
2463
1954
1955
1959
2471
2475
1970
1465
2498
2501
2502
2509
2510
2511
2512
2516
2518
2007
2519
2010
2533
2026
2028
2543
2032
2038
2042
2555
2047
