2560
2561
2564
2059
2573
2063
2064
2578
2579
2069
2073
2586
2078
2593
2088
2601
2090
2602
2604
2093
2103
2104
2108
2109
2623
2112
2624
2118
2630
2121
2123
2124
2638
2131
2646
2139
2142
2655
2150
2154
2164
2184
2188
2206
2210
2218
2220
2229
2233
2237
2240
2244
2253
2266
2275
2278
2290
2308
2309
2324
2326
2329
2334
2339
2340
2348
2352
2354
2356
2369
2381
2395
2409
2410
2414
1912
2428
2430
1929
2446
1938
1941
1943
1946
2460
1963
1966
2482
1971
2489
1983
1985
2500
2504
1993
2507
2005
2520
2521
2526
2020
2532
2539
2030
2542
2543
2546
2549
2550
2043
2556
2045
2559
