1536
513
514
515
517
519
520
523
524
525
526
527
531
538
542
544
545
546
547
548
553
555
556
557
559
561
563
566
567
570
580
1095
586
587
591
1616
604
606
610
614
107
634
637
645
646
651
652
1179
669
673
676
683
1767
1777
1300
1313
1343
1357
1358
348
1374
353
354
355
359
360
361
1897
363
366
367
370
373
374
378
387
388
390
391
394
395
396
397
400
402
405
410
412
413
414
417
419
420
423
426
428
431
432
434
436
438
439
442
444
446
450
452
456
458
460
461
463
1487
465
471
473
475
481
482
483
487
488
489
490
491
492
496
497
500
502
506
507
511
