2560
2561
2564
2056
2059
2573
2574
2063
2575
2578
2069
2073
2078
2590
2593
2083
2084
2601
2090
2602
2604
2093
2098
2611
2615
2108
2109
2112
2624
2625
2118
2630
2631
2123
2124
2638
2131
2140
2142
2655
2150
2154
2164
2165
2172
2184
2188
2190
2201
2206
2210
2218
2220
2229
2233
2240
2244
2266
2271
2275
2278
2290
2299
2306
2307
2309
2324
2326
2331
2339
2340
2347
2348
2352
2354
2356
2369
2374
2376
2395
2404
2408
2409
2410
1912
1917
1918
1925
2446
1938
1943
2460
2464
1962
1966
1971
1983
2495
1985
1986
1993
2506
2507
2520
2526
2020
2542
2543
2546
2549
2553
2043
2556
2045
2046
2559
