1540
1547
1551
1554
1557
1559
1048
1049
1563
1584
1074
1589
1078
1597
1603
1092
1608
1609
1612
1101
1617
1107
1620
1621
1622
1116
1117
1124
1125
1128
107
1132
1146
1662
1153
1156
1669
1172
1685
1175
1688
1689
1191
1707
1199
1714
1721
1211
1723
1730
1219
1222
1736
1741
1746
1750
1752
1753
1754
1243
1256
1768
1267
1269
1793
1800
1289
1290
1291
1813
1826
1827
1833
1835
1839
1329
1842
1331
1845
1334
1335
1849
1341
1351
1352
1864
1867
1868
1359
1361
1367
1879
1376
1377
1888
1388
1390
1391
1902
1393
1399
1911
1407
1409
1420
916
1431
921
1437
947
952
953
966
967
1484
1488
1491
980
1509
999
1516
1006
1522
1017
1530
