1026
1028
1551
1554
1047
1048
1559
1563
1570
1059
1584
1076
1589
1590
1086
1603
1604
1608
1609
1610
1612
1613
1617
1107
1621
1622
1124
1126
1639
107
1132
1643
1135
1146
1659
1663
1669
1675
1683
1173
1175
1689
1182
1184
1185
1195
1199
1205
1718
1211
1214
1730
1219
1222
1735
1230
1746
1238
1752
1243
1761
1765
1255
1256
1768
1774
1267
1269
1272
1791
1280
1795
1799
1800
1804
1305
1823
1827
1321
1833
1323
1835
1839
1329
1842
1331
1334
1861
1352
1864
1359
1361
1367
1369
1886
1376
1377
1888
1891
1901
1390
1391
1399
1405
1416
1420
916
1431
921
925
926
932
934
1447
946
947
1460
953
1467
1470
1471
967
1485
978
993
997
1513
1516
1517
1520
1528
