1024
1029
1547
1551
1047
1559
1563
1570
1059
1580
1584
1076
1589
1078
1079
1590
1083
1597
1086
1598
1600
1091
1603
1604
1605
1608
1609
1610
1612
1101
1613
1617
1619
1620
1621
1622
1623
1112
1117
1123
1124
1125
1126
1637
1128
1130
107
1132
1643
1652
1653
1149
1662
1663
1153
1665
1156
1668
1669
1160
1163
1675
1683
1172
1173
1685
1175
1688
1180
1181
1182
1185
1191
1707
1198
1199
1712
1201
1714
1205
1717
1207
1209
1721
1211
1723
1214
1730
1222
1734
1735
1736
1746
1238
1752
1753
1242
1243
1757
1761
1250
1256
1768
1772
1267
1269
1782
1271
1272
1789
1791
1280
1793
1796
1287
1288
1289
1799
1291
1800
1809
1811
1813
1302
1816
1305
1823
1827
1833
1835
1839
1329
1330
1331
1842
1335
1849
1339
1341
1344
1861
1351
1352
1863
1868
1359
1367
1879
1370
1886
1376
1377
1888
1898
1389
1390
1902
1398
1399
1416
906
916
1431
925
1439
934
1447
1449
1456
946
947
1463
953
1467
1471
960
966
1480
1488
978
1491
980
993
997
1509
999
1004
1516
1006
1520
1522
1524
1017
1530
1535
