1538
1539
1547
1551
1554
1557
1047
1048
1049
1559
1563
1054
1570
1059
1572
1584
1075
1076
1589
1590
1079
1597
1086
1598
1600
1092
1608
1610
1612
1613
1614
1617
1618
1620
1621
1110
1622
1112
1623
1632
1124
1125
1126
1637
1639
107
1132
1643
1644
1653
1146
1659
1149
1663
1668
1669
1675
1683
1172
1175
1688
1689
1180
1181
1184
1185
1196
1198
1199
1710
1714
1717
1718
1209
1721
1211
1724
1214
1730
1222
1734
1735
1736
1737
1746
1750
1752
1753
1242
1243
1757
1250
1768
1769
1771
1774
1265
1267
1269
1793
1795
1796
1799
1800
1290
1291
1804
1811
1813
1302
1819
1312
1827
1833
1323
1835
1836
1842
1334
1335
1339
1340
1344
1861
1352
1867
1365
1877
1367
1879
1886
1375
1376
1377
1888
1891
1390
1909
1399
1416
906
1420
916
1431
921
927
1449
1456
946
1460
1471
967
1485
978
1491
980
993
1509
999
1003
1004
1516
1520
1523
1524
1017
1530
