2560
2564
2059
2574
2073
2586
2078
2590
2088
2600
2601
2602
2604
2093
2095
2607
2611
2103
2104
2615
2619
2623
2112
2624
2118
2630
2123
2638
2131
2654
2150
2164
2165
2172
2179
2184
2200
2201
2206
2212
2213
2218
2220
2229
2233
2240
2253
2257
2266
2275
2276
2299
2307
2309
2323
2324
2326
2329
2339
2340
2347
2353
2369
2374
2376
2381
2386
2404
2409
2410
2414
1912
2428
2429
2430
1917
1918
2433
1925
1938
1941
1946
2464
2468
1962
1966
1971
2485
2489
1979
1983
1984
1985
2495
2500
2504
1993
2507
1997
2521
2021
2030
2542
2546
2551
2552
2043
2045
2046
2559
