1026
1540
1551
1554
1557
1048
1049
1563
1570
1059
1584
1589
1078
1603
1608
1612
1613
1621
1622
1124
1126
1639
1128
107
1643
1135
1146
1663
1669
1675
1164
1683
1685
1689
1182
1185
1195
1199
1714
1718
1730
1222
1734
1735
1230
1750
1753
1243
1757
1761
1765
1255
1768
1269
1272
1793
1290
1291
1813
1823
1312
1826
1827
1833
1323
1835
1329
1842
1845
1334
1341
1352
1864
1361
1367
1369
1375
1376
1377
1888
1891
1389
1390
1391
1393
1399
1404
1407
1420
1431
920
925
927
934
952
1467
1471
967
980
993
995
1509
1516
1520
1522
1535
