1024
1029
1542
1551
1040
1559
1056
1570
1571
1068
1580
1584
1589
1078
1083
1086
1598
1605
1095
1609
1610
1101
1613
1614
1617
1107
1619
1620
1622
1117
1632
1124
1125
1126
1637
107
1132
1135
1662
1663
1153
1665
1156
1668
1669
1160
1163
1675
1172
1173
1685
1688
1191
1707
1199
1714
1205
1717
1207
1722
1211
1730
1222
1734
1736
1741
1238
1243
1247
1255
1256
1768
1772
1271
1789
1791
1280
1793
1800
1289
1804
1809
1811
1813
1302
1816
1818
1826
1323
1835
1839
1330
1842
1843
1335
1336
1849
1861
1863
1352
1868
1359
1361
1879
1370
1885
1888
1377
1380
1897
1898
1388
1389
1390
1391
1902
1399
1402
1409
1431
926
932
1447
1449
1456
947
953
1470
959
960
1471
967
1483
1487
1488
982
1497
993
484
997
1509
1516
1517
1006
1522
1017
1532
1535
