2560
2561
2564
2056
2058
2059
2063
2064
2576
2578
2579
2069
2073
2074
2586
2078
2590
2593
2083
2084
2551
2088
2600
2090
2601
2602
2604
2607
2098
2611
2103
2104
2615
2619
2108
2109
2112
2624
2625
2118
2630
2631
2121
2123
2124
2638
2131
2137
2140
2142
2150
2154
2165
2172
2184
2188
2190
2200
2201
2206
2210
2212
2218
2220
2229
2233
2240
2244
2253
2257
2266
2271
2275
2276
2278
2290
2299
2306
2307
2308
2309
2323
2324
2326
2331
2334
2339
2340
2347
2348
2352
2354
2356
2363
2369
2376
2381
2395
2404
2409
2410
2414
2423
1912
2428
1917
1918
2430
1925
1929
2446
1938
1941
1943
1946
2460
2462
2464
1953
2467
2468
1962
1963
1966
2482
1971
2485
1979
2492
1983
1984
1985
2500
1989
1993
2506
2507
2520
2020
2030
2542
2543
2033
2037
2549
2550
2040
2553
2043
2556
2045
2046
