2052
2053
2054
2567
2068
2072
2588
2589
2592
2081
2597
2598
2087
2599
1577
2609
2102
2111
2623
2117
2629
2125
2127
2642
2643
2133
2134
2135
2137
2138
2649
2653
2143
2144
2148
2149
2151
2153
2174
2176
2180
2183
136
2187
2189
2191
2194
2196
2199
2223
2224
1718
2241
2246
2247
2250
2254
2264
2267
2268
2273
2279
2282
2283
2285
2289
2292
2293
2302
2315
2319
2328
2330
2332
2333
2336
2338
2344
2347
2351
2372
2377
2384
2398
2420
1912
2427
2429
1920
2436
1926
1932
2451
1940
1941
1945
2458
1948
2461
2463
2465
1955
1959
2471
2472
2491
1981
2498
1994
2510
2511
2512
2516
2007
2010
2533
2028
2543
2032
2547
2039
2555
2047
