2053
2054
2567
2068
2071
2072
2588
2589
2592
2081
2597
2598
2087
1577
2102
2617
2111
2629
2642
2643
2133
2134
2135
2649
2138
2653
2143
2148
2151
2153
2169
2174
2176
2183
136
2187
2189
2191
2194
2199
2203
2215
2224
1718
2241
2246
2247
2250
2254
2264
2267
2268
2279
2282
2283
2285
2289
2292
2294
2302
2304
2327
2328
2330
2332
2336
2338
2344
2347
2351
2368
2372
2377
2384
2385
2398
2417
2420
1912
1920
2434
2436
1932
1939
1940
1941
2451
2458
1947
2461
2465
1954
1955
2472
1465
2491
2496
2498
2508
2509
2510
2511
2516
2007
2026
2028
2543
2032
2547
2038
2039
2042
2555
2047
