1024
1542
1547
1040
1559
1059
1063
1068
1584
1589
1078
1083
1086
1598
1600
1604
1605
1610
1612
1101
1617
1107
1619
1622
1117
1125
1126
1130
107
1132
1662
1663
1153
1665
1156
1668
1163
1707
1199
1712
1714
1207
1211
1723
1214
1736
1741
1746
1238
1757
1256
1267
1271
1793
1285
1287
1288
1800
1291
1804
1809
1302
1816
1821
1823
1826
1827
1832
1833
1839
1330
1331
1335
1336
1849
1341
1868
1879
1886
1888
1380
1898
1388
1900
1390
1391
1902
1399
1409
916
1431
932
1447
1449
1456
1457
946
953
959
960
1471
966
1480
1483
1488
982
983
1516
1517
1006
1522
1017
