1024
1028
1557
1047
1559
1570
1584
1076
1589
1078
1079
1590
1597
1086
1603
1608
1612
1613
1617
1107
1621
1622
1623
1117
1125
1126
1128
107
1132
1643
1644
1146
1149
1662
1663
1668
1689
1181
1184
1185
1191
1707
1198
1199
1712
1714
1717
1211
1723
1730
1222
1735
1736
1230
1746
1750
1752
1753
1242
1243
1761
1768
1269
1272
1791
1793
1795
1796
1287
1799
1289
1800
1291
1804
1302
1823
1827
1833
1835
1839
1335
1336
1849
1339
1341
1352
1867
1868
1365
1370
1886
1376
1377
1888
1891
1390
1391
1399
1402
916
1431
925
934
1447
946
947
952
1467
1483
1491
980
993
997
1509
1004
1516
1520
1522
1017
1530
