2560
2563
2564
2056
2059
2573
2063
2064
2578
2069
2073
2074
2586
2078
2590
2591
2593
2086
2088
2600
2601
2602
2604
2093
2095
2607
2611
2615
2104
2109
2623
2112
2624
2625
2115
2630
2122
2123
2638
2131
2646
2139
2140
2142
2654
2655
2154
2165
2172
2179
2188
2190
2200
2201
2206
2218
2220
2229
2233
2237
2240
2244
2253
2257
2261
2266
2271
2276
2278
2287
2290
2300
2309
2311
2323
2324
2326
2331
2334
2339
2340
2347
2352
2354
2359
2363
2369
2374
2376
2381
2386
2395
2408
2409
2410
2414
2423
1912
2428
1917
1918
2430
1925
1929
1943
1946
2460
2464
1953
2468
1962
1963
2477
1971
2484
2492
2495
1985
1986
2500
2504
1993
2507
1997
2521
2020
2021
2539
2030
2542
2543
2037
2549
2551
2040
2553
2043
