1026
1028
1547
1551
1040
1554
1557
1047
1559
1563
1571
1063
1580
1069
1584
1076
1589
1078
1079
1597
1086
1598
1092
1605
1610
1612
1613
1614
1617
1619
1621
1622
1623
1632
1125
1637
107
1643
1149
1662
1663
1153
1665
1156
1668
1163
1172
1685
1175
1182
1184
1191
1707
1199
1712
1717
1718
1207
1211
1214
1730
1222
1735
1736
1230
1746
1238
1750
1752
1753
1754
1250
1255
1256
1768
1267
1269
1271
1791
1280
1793
1796
1285
1287
1288
1289
1290
1799
1800
1293
1294
1804
1809
1302
1305
1823
1312
1827
1835
1839
1329
1330
1331
1335
1849
1861
1864
1868
1361
1365
1879
1370
1376
1888
1380
1900
1390
1902
1399
1402
1409
1431
925
1456
946
947
952
1471
960
966
967
1483
972
978
982
983
993
1509
999
1004
1516
1006
1522
1523
1524
1017
1530
