1024
1026
1538
1028
1542
1547
1551
1554
1556
1557
1559
1048
1049
1570
1059
1068
1580
1584
1074
1075
1076
1589
1078
1079
1590
1083
1597
1086
1598
1600
1091
1603
1604
1605
1608
1609
1610
1612
1101
1613
1614
1617
1107
1619
1620
1621
1622
1112
1623
1117
1632
1123
1124
1125
1126
1637
1128
1639
1130
107
1132
1643
1135
1652
1653
1146
1659
1149
1662
1663
1153
1665
1156
1668
1669
1160
1163
1675
1683
1172
1173
1685
1175
1689
1180
1181
1182
1184
1185
1191
1707
1198
1199
1712
1201
1714
1205
1717
1207
1209
1721
1211
1723
1214
1217
1730
1219
1222
1734
1735
1736
1737
1741
1230
1746
1238
1750
1752
1753
1242
1243
1757
1761
1250
1255
1256
1768
1772
1267
1269
1782
1271
1272
1789
1791
1793
1796
1285
1287
1288
1289
1799
1291
1800
1293
1804
1809
1810
1811
1813
1302
1816
1305
1819
1821
1823
1312
1826
1827
1832
1833
1323
1835
1839
1329
1330
1331
1842
1334
1335
1336
1849
1339
1340
1341
1344
1861
1351
1352
1863
1864
1867
1868
1361
1874
1877
1367
1879
1370
1886
1375
1376
1377
1891
1380
1898
1388
1389
1390
1391
1902
1398
1399
1401
1402
897
1416
906
1420
916
1431
921
925
927
1439
934
1447
1449
1456
1457
946
947
1463
952
953
1467
1470
1471
960
966
967
1480
1483
1484
1488
978
1491
980
982
983
993
997
1509
999
1003
1004
1516
1006
1520
1522
1524
1017
1530
1532
