2052
2053
2567
2568
2062
2068
2582
2071
2072
2075
2588
2589
2592
2081
2594
2597
2598
2087
1577
2603
2096
2608
2609
2101
2102
2616
2617
2110
2111
2117
2629
2125
2127
2128
2642
2643
2132
2133
2134
2135
2649
2138
2652
2653
2143
2144
2148
2149
2151
2153
2161
2163
2169
2174
2176
2180
2183
136
2187
2189
2191
2194
2196
2199
2203
2221
2222
2223
2224
1718
2235
2241
2243
2246
2247
2249
2250
2267
2273
2274
2279
2280
2282
2283
2289
2292
2293
2294
2302
2315
2319
2325
2327
2328
2332
2333
2336
2338
2343
2344
2347
2351
2368
2372
2377
2384
2390
2394
2396
2398
2399
2415
2419
2420
1912
1916
1920
2434
1926
2438
2445
1939
1940
1941
2451
1945
2458
1947
1948
2461
2463
2465
1954
1959
2475
2479
1970
1465
2491
1981
2498
2501
2508
2509
2510
2511
2512
2002
2003
2516
2518
2007
2519
2010
2537
2026
2028
2543
2032
2038
2039
2042
2555
