2560
2561
2563
2564
2056
2059
2573
2575
2064
2578
2579
2073
2074
2586
2078
2590
2591
2593
2086
2088
2552
2090
2600
2601
2093
2604
2095
2606
2607
2098
2611
2103
2104
2615
2619
2108
2109
2623
2112
2624
2625
2115
2118
2630
2121
2123
2124
2131
2646
2139
2140
2142
2654
2655
2150
2154
2164
2165
2172
2179
2184
2188
2190
2200
2201
2206
2212
2216
2218
2220
2229
2233
2237
2240
2244
2253
2257
2261
2266
2271
2275
2276
2278
2287
2290
2299
2306
2307
2308
2309
2323
2324
2326
2329
2331
2339
2340
2347
2348
2352
2354
2356
2359
2363
2369
2374
2376
2381
2386
2395
2404
2407
2408
2409
2410
2414
2423
1912
2427
2428
2429
1918
2430
2433
1925
1929
1938
1941
1943
1946
2460
2462
2464
2468
2469
1962
1963
1966
2482
2484
2485
2489
1979
2492
1983
1984
1985
2499
2500
2504
1993
2506
2507
1997
2005
2520
2521
2526
2020
2021
2532
2536
2030
2542
2543
2033
2546
2037
2549
2550
2040
2554
2043
2556
2045
2559
