2052
2053
2054
2567
2057
2062
2065
2068
2071
2072
2081
2597
2598
2087
1577
2608
2609
2617
2111
2117
2629
2125
2127
2643
2132
2133
2135
2137
2138
2652
2653
2143
2144
2148
2149
2153
2161
2169
2176
2180
2183
2187
2191
2194
2196
2199
2208
2215
2223
2235
2241
2246
2247
2259
2264
2267
2268
2279
2280
2282
2283
2292
2293
2294
2302
2315
2319
2327
2328
2332
2333
2336
2338
2344
2347
2351
2366
2384
2385
2392
2394
2396
2398
2420
1912
1920
2438
1932
2451
1941
1945
2458
1948
2463
2465
1955
1959
2471
2472
1970
1465
2491
1981
1985
2498
1994
2508
2509
2510
2511
2002
2007
2010
2529
2530
2533
2537
2026
2028
2543
2032
2039
2042
2555
2047
