3073
3078
3084
3090
3104
3114
3119
3158
3166
3174
2663
2664
2666
2669
2679
2681
2683
2694
2698
3213
2706
1684
3220
3228
3238
2729
2731
3243
2738
2741
2745
3257
2749
2750
2754
2756
2766
3284
2773
2777
3293
2782
2800
2810
3324
2827
2835
2839
3362
3363
3364
2862
2864
2866
3384
2873
2874
3387
2877
3394
2890
2896
3417
2906
2910
2912
2913
3426
2915
2916
2919
3433
3435
2924
2927
2928
2929
2931
2940
2943
2944
2946
2953
2956
2960
2966
2969
2977
2981
2985
2986
2988
2993
2994
3000
3014
3022
3025
3026
3029
3033
3054
