1538
1539
1542
1547
1039
1040
1551
1554
1559
1563
1059
1571
1584
1074
1589
1078
1079
1083
1598
1603
1604
1605
1610
1612
1101
1613
1617
1619
1620
1621
1622
1623
1123
1124
1125
1126
1130
107
1132
1643
1652
1149
1662
1663
1153
1665
1156
1668
1669
1163
1683
1172
1184
1191
1707
1199
1714
1721
1211
1723
1730
1219
1222
1736
1230
1746
1238
1757
1256
1768
1267
1269
1271
1789
1791
1793
1796
1799
1288
1289
1800
1291
1809
1810
1302
1816
1823
1827
1832
1833
1839
1330
1331
1842
1843
1845
1335
1849
1341
1861
1351
1352
1864
1361
1367
1879
1370
1886
1375
1888
1380
1388
1390
1391
1902
1399
1407
1409
1431
1437
932
1447
1449
1456
1457
1458
1460
953
1467
959
960
1471
966
1488
1491
983
1509
1516
1006
1522
1530
