2560
2561
2563
2564
2056
2059
2573
2574
2064
2069
2073
2586
2078
2590
2593
2083
2086
2088
2600
2090
2601
2604
2095
2607
2611
2103
2104
2615
2108
2623
2624
2625
2118
2630
2631
2121
2123
2124
2139
2140
2142
2654
2655
2150
2154
2165
2172
2179
2184
2188
2200
2201
2206
2213
2218
2220
2229
2233
2237
2240
2244
2261
2266
2271
2275
2290
2299
2308
2309
2323
2324
2329
2331
2334
2339
2340
2347
2353
2356
2363
2369
2370
2374
2376
2381
2386
2395
2404
2408
2409
2410
2414
2418
2423
1912
2428
1917
1918
2429
2433
1925
1938
1943
1946
2460
2462
2464
2468
2469
1962
1966
2482
1971
1979
2492
1983
1984
1985
2495
2500
1993
2507
2520
2521
2526
2020
2532
2539
2030
2542
2543
2033
2546
2549
2550
2551
2040
2554
2046
2559
