2052
2053
2054
2068
2582
2072
2588
2592
2081
2598
2087
1577
2603
2608
2101
2102
2616
2617
2111
2117
2629
2125
2128
2132
2133
2649
2138
2652
2143
2149
2151
2153
2161
2169
2174
2176
2177
2180
2183
2187
2194
2196
2198
2199
2203
2223
2224
1718
2235
2241
2243
2246
2247
2250
2252
2264
2267
2273
2280
2282
2283
2285
2289
2292
2304
2325
2327
2328
2332
2333
2336
2343
2344
2368
2372
2377
2384
2394
2396
2399
2415
2419
2420
1912
1916
1920
2432
2434
2438
1939
1940
2451
1945
2458
1947
1948
2461
2463
1954
1955
2471
2475
2491
1981
2498
2501
2508
2509
2510
2511
2512
2002
2007
2010
2525
2533
2537
2028
2029
2032
2544
2547
