1024
1538
1029
1542
1547
1039
1040
1551
1554
1557
1563
1054
1059
1571
1068
1580
1584
1074
1589
1078
1079
1083
1597
1086
1598
1603
1604
1605
1608
1610
1612
1101
1613
1617
1107
1619
1620
1621
1622
1623
1117
1632
1123
1124
1125
1126
1130
107
1132
1643
1149
1662
1663
1153
1665
1156
1668
1669
1160
1163
1683
1172
1173
1685
1175
1689
1181
1184
1185
1700
1191
1198
1199
1712
1714
1205
1717
1721
1722
1211
1214
1730
1219
1222
1735
1736
1737
1741
1230
1746
1238
1750
1752
1754
1757
1761
1250
1256
1768
1772
1267
1271
1789
1791
1280
1793
1796
1285
1799
1288
1289
1800
1291
1804
1293
1809
1810
1302
1816
1823
1826
1827
1833
1839
1330
1331
1842
1845
1335
1849
1339
1341
1351
1352
1864
1868
1361
1367
1879
1370
1886
1376
1377
1888
1380
1388
1390
1391
1902
1393
1399
1402
1409
1416
1420
916
1437
934
1447
1449
1456
1457
946
952
953
1467
1471
960
966
1483
1488
978
1491
980
983
999
1003
1004
1516
1006
1520
1522
1017
1530
1532
