3078
3080
3084
3104
3114
3119
3123
3137
3139
3142
3158
3163
2663
2664
2666
2679
2681
2683
3195
2694
2698
1684
3220
2710
3229
3231
3232
2726
3238
2729
2731
2738
3250
3257
2750
2754
2755
2756
2757
2769
2773
3293
2782
2786
3303
2800
2809
2810
3324
3326
2815
2827
3339
3362
2851
3363
3364
2862
2866
2872
2873
3384
3387
2877
3392
2887
2888
2890
2905
3417
2909
2910
2911
2912
2913
3426
2915
2916
3430
3433
3435
2924
2927
2928
2929
2931
2944
2945
2953
2956
2966
2978
2987
2988
2993
2994
3000
3010
3014
3022
3025
3026
3029
3036
3040
3042
3047
3052
