2560
2561
2563
2564
2053
2056
2058
2059
2060
2573
2062
2063
2064
2065
2574
2575
2578
2069
2579
2073
2074
2586
2077
2078
2590
2591
2081
2592
2083
2084
2551
2086
2087
2088
2597
2090
2600
2601
2093
2602
2095
2604
2611
2103
2104
2615
2619
2108
2109
2623
2112
2624
2625
2115
2118
2630
2631
2121
2122
2123
2124
2559
2638
2131
2646
2137
2139
2140
2142
2143
2654
2655
2147
2150
2154
2165
2172
2179
2184
2188
2189
2190
2200
2201
2206
2208
2210
2212
2213
2215
2216
2218
2220
2229
2233
2237
2240
2244
2253
2261
2266
2271
2275
2278
2279
2287
2290
2292
2299
2300
2306
2307
2308
2309
2319
2323
2324
2326
2329
2331
2333
2334
2336
2339
2340
2347
2348
2352
2354
2356
2359
2363
2369
2370
2374
2376
2381
2384
2386
2387
2391
2392
2393
2395
2404
2407
2408
2409
2410
2414
2418
2420
2423
1912
2428
1917
1918
2430
1925
1929
2446
2449
1938
2451
1941
1943
1946
2460
2462
2464
1953
2468
2469
1959
1962
2477
1966
2482
1971
2484
2485
2489
1979
2492
1983
1984
2495
1986
2499
2500
1989
2504
1993
1994
2506
2507
1997
2512
2005
2007
2520
2521
2524
2526
2530
2020
2021
2532
2539
2030
2542
2543
2033
2546
2037
2549
2550
2040
2553
2043
2556
2045
2046
2047
