2560
2564
2059
2574
2063
2064
2575
2578
2073
2074
2586
2077
2078
2590
2591
2593
2083
2084
2086
2088
2600
2090
2601
2602
2093
2604
2095
2607
2611
2615
2619
2109
2624
2625
2115
2118
2630
2122
2123
2638
2131
2136
2140
2142
2654
2655
2150
2165
2172
2184
2188
2190
2200
2201
2206
2212
2213
2218
2220
2229
2233
2237
2240
2266
2271
2276
2290
2299
2300
2323
2324
2326
2331
2339
2340
2347
2352
2353
2356
2359
2369
2370
2376
2381
2392
2408
2409
2410
2414
2423
1912
2428
1917
1918
1946
2464
1953
2468
1962
1966
1971
2484
2485
1979
2492
1983
1984
1985
1986
2495
2499
2500
2504
1993
2506
2507
2005
2521
2539
2030
2542
2543
2033
2037
2551
2040
2553
2043
2556
