2560
2561
2563
2564
2056
2059
2572
2573
2575
2578
2069
2072
2073
2074
2586
2078
2081
2594
2551
2084
2597
2086
2088
1577
2090
2552
2600
2601
2602
2095
2604
2606
2098
2611
2103
2615
2619
2108
2109
2112
2624
2625
2115
2118
2630
2631
2121
2559
2124
2131
2646
2137
2139
2140
2142
2150
2151
2153
2154
2164
2165
2172
2183
2184
2199
2201
2206
2212
2213
2218
2220
2229
2233
2240
2244
2253
2258
2259
2261
2266
2271
2278
2279
2283
2288
2290
2292
2293
2300
2302
2309
2326
2327
2329
2331
2334
2338
2339
2340
2344
2345
2347
2348
2352
2354
2356
2369
2374
2376
2390
2392
2395
2398
2404
2408
2409
2410
2414
2420
1912
2425
2428
1917
1920
2433
1929
2446
1938
1941
1946
2460
2464
1953
1955
2467
2469
1962
1963
1966
2482
1971
2484
2485
2489
2492
1983
1984
1985
1986
2500
1989
1993
2506
2507
1997
2510
2511
2005
2007
2520
2521
2526
2020
2533
2026
2030
2542
2543
2037
2549
2550
2040
2553
2555
2045
2046
2047
