1547
1551
1554
1556
1557
1559
1048
1049
1563
1059
1584
1074
1076
1589
1078
1079
1083
1597
1086
1603
1604
1605
1610
1612
1101
1617
1107
1619
1621
1622
1623
1117
1124
1125
1126
1128
1130
107
1132
1146
1659
1662
1663
1153
1665
1156
1668
1669
1163
1683
1172
1689
1181
1182
1184
1185
1702
1191
1707
1198
1199
1712
1714
1721
1211
1730
1219
1222
1736
1737
1741
1230
1746
1750
1239
1752
1242
1243
1757
1761
1250
1255
1256
1768
1267
1269
1271
1791
1793
1285
1287
1288
1289
1799
1291
1800
1804
1809
1810
1813
1302
1816
1821
1823
1826
1827
1833
1835
1839
1330
1331
1845
1335
1336
1849
1339
1341
1344
1351
1352
1864
1867
1868
1361
1367
1879
1370
1376
1377
1888
1380
1898
1388
1390
1391
1902
1398
1402
1416
1420
916
1431
921
922
925
1437
932
934
1447
1456
1457
946
947
952
1467
1471
960
1473
966
1488
978
1491
980
982
983
1501
993
1509
999
1004
1516
1006
1517
1522
1017
1530
1532
1535
