1539
1551
1554
1559
1563
1570
1059
1584
1589
1078
1590
1086
1600
1603
1604
1608
1609
1610
1612
1613
1614
1617
1621
1622
1112
1626
1117
1124
1637
1126
1639
107
1643
1135
1146
1659
1662
1663
1669
1160
1675
1683
1175
1182
1184
1185
1195
1199
1714
1205
1717
1721
1730
1222
1735
1737
1746
1238
1750
1752
1753
1757
1250
1765
1768
1269
1272
1791
1280
1799
1800
1291
1805
1813
1302
1305
1819
1312
1827
1321
1833
1323
1835
1329
1334
1846
1341
1352
1359
1361
1367
1369
1376
1377
1888
1891
1390
1391
1902
1399
1405
1409
1416
1420
916
1431
921
926
927
1447
946
1467
1471
967
978
993
997
1509
1513
1003
1516
1520
1522
1528
