2560
2054
2576
2068
2582
2071
2588
2084
2598
2087
1577
2611
2111
2629
2125
2637
2127
2128
2132
2133
2135
2649
2138
2142
2143
2149
2151
2169
2174
2176
2187
2189
2199
2203
2223
2224
1718
2239
2241
2242
2246
2250
2254
2266
2268
2273
2279
2282
2289
2292
2294
2302
2304
2319
2328
2332
2333
2338
2344
2377
2384
2389
2398
2399
2410
2419
1912
2427
1916
2429
1920
2434
1932
2449
2451
1945
1947
2461
2463
2471
2475
2478
1465
1982
1983
1985
2498
1994
2509
2510
2511
2002
2516
2007
2519
2520
2010
2028
2543
2032
2544
2038
2039
2044
2047
