2560
2563
2564
2056
2059
2060
2064
2578
2073
2074
2586
2077
2078
2590
2591
2593
2083
2088
2600
2090
2601
2602
2093
2604
2607
2611
2103
2104
2615
2616
2619
2112
2624
2625
2115
2118
2630
2121
2131
2646
2139
2140
2142
2654
2655
2150
2154
2165
2172
2188
2190
2200
2206
2210
2212
2213
2218
2220
2233
2237
2244
2253
2257
2258
2261
2266
2271
2275
2276
2290
2299
2308
2309
2311
2323
2324
2326
2331
2334
2339
2340
2347
2352
2354
2356
2359
2363
2369
2370
2376
2381
2386
2395
2404
2407
2410
2414
2423
1912
2428
1917
1918
2430
2433
1925
1929
2446
1938
1941
1943
1946
2462
2464
1953
2467
2468
1962
2477
1966
1971
2484
2485
1979
2492
1983
1984
1985
1986
2495
2499
2500
2504
1993
2507
1997
2005
2520
2526
2539
2030
2542
2543
2033
2546
2037
2549
2551
2552
2553
2554
2043
2045
2046
2559
