1026
1028
1547
1554
1557
1559
1048
1563
1570
1059
1584
1074
1076
1589
1078
1079
1590
1083
1597
1086
1603
1608
1610
1612
1101
1613
1617
1619
1621
1622
1623
1112
1123
1125
1126
1639
1128
107
1132
1643
1135
1652
1653
1146
1659
1149
1662
1663
1153
1668
1669
1163
1675
1685
1175
1181
1182
1184
1707
1198
1199
1714
1721
1211
1730
1219
1222
1734
1735
1736
1737
1746
1750
1752
1753
1243
1757
1761
1250
1255
1768
1267
1269
1782
1271
1272
1789
1791
1799
1800
1291
1804
1293
1809
1810
1302
1816
1305
1819
1823
1312
1826
1827
1833
1835
1329
1331
1334
1335
1849
1339
1341
1344
1352
1864
1868
1367
1879
1886
1376
1377
1888
1891
1390
1391
1399
1416
1420
1431
921
925
927
1439
934
1449
1456
946
947
952
1467
1471
966
1484
1488
978
1491
980
993
1509
999
1004
1516
1520
1522
1017
1530
