1539
1540
1547
1551
1557
1059
1584
1076
1589
1078
1597
1086
1600
1608
1610
1612
1101
1613
1107
1621
1622
1623
1117
1126
1128
107
1132
1643
1644
1652
1653
1146
1659
1662
1663
1683
1685
1688
1689
1181
1184
1185
1707
1198
1199
1714
1717
1209
1721
1211
1724
1214
1730
1734
1736
1737
1741
1746
1750
1752
1242
1243
1757
1761
1250
1768
1267
1278
1791
1793
1795
1796
1800
1290
1804
1810
1813
1816
1819
1827
1833
1835
1839
1329
1331
1335
1849
1339
1340
1344
1351
1352
1867
1365
1367
1879
1375
1888
1377
1390
1391
1399
1416
916
1431
925
934
1447
946
947
1471
1491
980
993
999
1003
1004
1516
1522
1523
1524
1530
1532
