2560
2561
2563
2564
2056
2059
2575
2064
2578
2069
2073
2074
2586
2077
2078
2590
2593
2083
2084
2551
2086
2088
2601
2090
2602
2604
2093
2095
2607
2611
2103
2104
2615
2619
2108
2623
2112
2624
2625
2118
2630
2631
2121
2122
2123
2124
2638
2131
2646
2136
2139
2142
2655
2150
2154
2165
2172
2179
2184
2188
2200
2201
2206
2216
2218
2220
2229
2233
2240
2244
2253
2257
2258
2261
2266
2275
2278
2290
2299
2306
2307
2323
2326
2329
2331
2334
2339
2340
2352
2353
2354
2356
2359
2363
2369
2370
2374
2376
2381
2383
2386
2395
2404
2407
2408
2409
2414
2423
1912
2428
1917
1918
2430
2433
1925
1929
2446
1943
1946
2460
2464
1962
2477
1966
2482
1971
2485
1979
1983
1985
1986
2500
1989
2507
1997
2005
2520
2526
2020
2030
2033
2546
2037
2549
2550
2553
2554
2043
2556
2045
2559
