1032
1036
1550
1044
1060
1573
1576
1066
1067
1578
1583
1587
1591
1081
1082
1595
1596
1099
1100
1611
1104
1108
1115
1628
1120
1635
1636
1129
107
1647
1655
1148
637
1661
1158
1680
1691
1190
1192
1715
1204
1716
1720
1728
1729
1221
1227
1229
1742
1231
1235
1751
1764
1261
1783
1786
1790
1282
1284
1286
1292
1298
1812
1303
1820
1309
1824
1322
1841
1848
1345
1857
1347
1859
1350
1862
1871
1872
1873
1875
1884
1379
1381
1382
1893
1894
1899
1903
1392
1404
896
898
1413
902
1414
1417
1423
1426
917
919
1432
1438
1448
941
1454
1459
1462
954
957
1475
1479
975
988
989
483
1508
1515
1009
1014
1015
1018
1019
1020
1021
