2560
2563
2564
2058
2059
2063
2064
2578
2071
2073
2586
2077
2078
2590
2086
2600
2090
2602
2604
2093
2607
2611
2103
2104
2615
2624
2625
2118
2121
2123
2124
2638
2131
2646
2139
2140
2142
2150
2154
2165
2172
2184
2188
2190
2200
2206
2210
2212
2218
2220
2229
2233
2237
2240
2244
2257
2266
2271
2275
2290
2306
2308
2324
2326
2329
2331
2334
2339
2340
2347
2348
2354
2356
2369
2374
2381
2391
2395
2408
2409
2410
2414
1912
2428
1917
1918
2429
2430
2446
2449
1938
1941
1946
2460
2464
1953
2469
2478
2482
1971
2485
2489
2492
1983
1984
1985
2495
2499
2500
2504
1993
2507
2005
2007
2521
2526
2020
2539
2030
2542
2543
2033
2546
2037
2550
2551
2040
2043
2045
2559
