1539
1029
1547
1039
1554
1047
1048
1559
1563
1056
1570
1059
1580
1584
1074
1076
1589
1078
1079
1083
1597
1603
1092
1604
1608
1609
1610
1612
1101
1617
1107
1621
1623
1117
1124
1125
1126
1637
1639
107
1132
1643
1146
1149
1662
1663
1156
1669
1160
1675
1683
1172
1173
1685
1689
1180
1184
1700
1191
1707
1199
1712
1201
1714
1205
1717
1721
1211
1723
1214
1730
1219
1222
1734
1736
1230
1746
1238
1750
1753
1754
1757
1761
1255
1256
1768
1272
1791
1280
1793
1800
1289
1291
1804
1809
1811
1813
1819
1826
1827
1833
1323
1835
1839
1329
1330
1331
1842
1843
1334
1335
1845
1849
1341
1861
1351
1352
1864
1867
1868
1359
1361
1877
1367
1879
1376
1377
1888
1891
1898
1388
1389
1390
1391
1902
1393
1399
1407
1409
906
1420
916
1431
921
925
1437
927
934
1447
947
953
1467
1470
959
960
1471
1483
978
1491
980
993
995
997
1509
999
1516
1006
1520
1522
1017
1535
