2560
2563
2564
2058
2059
2060
2574
2575
2064
2073
2074
2586
2078
2590
2591
2593
2083
2084
2551
2088
2552
2090
2600
2601
2093
2602
2095
2604
2607
2611
2103
2104
2615
2619
2108
2109
2112
2624
2625
2115
2118
2630
2121
2122
2123
2124
2638
2131
2139
2140
2142
2150
2164
2172
2184
2188
2190
2200
2201
2206
2212
2213
2218
2220
2229
2233
2240
2244
2253
2266
2271
2275
2278
2290
2299
2307
2309
2313
2323
2324
2329
2331
2334
2339
2340
2347
2352
2356
2359
2363
2369
2374
2376
2381
2395
2404
2410
2414
2418
2423
1912
2428
1917
1918
2430
1929
2446
1938
1943
1946
2464
2467
2468
1962
2477
1966
1971
2484
1979
2492
1983
1984
2495
1986
2499
2500
2504
1993
2507
2005
2520
2536
2539
2030
2542
2543
2033
2546
2037
2549
2550
2040
2553
2043
2556
2045
2559
