1542
1547
1551
1554
1559
1584
1078
1083
1598
1604
1605
1610
1612
1617
1619
1621
1623
1117
1126
1130
107
1132
1653
1663
1153
1665
1156
1160
1163
1173
1689
1180
1181
1184
1185
1707
1199
1714
1205
1717
1207
1722
1211
1730
1741
1230
1746
1238
1256
1782
1271
1791
1287
1288
1799
1800
1293
1809
1810
1813
1302
1816
1823
1839
1330
1331
1842
1339
1340
1341
1352
1868
1359
1367
1879
1370
1376
1888
1380
1391
1399
1402
1431
921
1447
1449
1456
1457
946
953
1470
1471
966
1483
1488
1491
995
1516
1006
1522
1017
1530
