2560
2561
2564
2055
2059
2060
2575
2064
2069
2073
2586
2078
2590
2593
2083
2084
2086
2088
2600
2090
2601
2602
2604
2606
2607
2611
2103
2104
2615
2619
2108
2623
2624
2115
2118
2630
2121
2123
2124
2638
2131
2139
2142
2654
2655
2150
2154
2172
2184
2188
2190
2200
2201
2206
2210
2212
2218
2220
2229
2233
2240
2244
2253
2257
2266
2271
2275
2276
2290
2300
2307
2308
2309
2323
2324
2331
2334
2339
2340
2347
2348
2352
2353
2354
2356
2359
2363
2369
2376
2381
2404
2409
2410
2414
1912
2428
1917
1918
2430
1938
1943
1946
2464
2467
2468
1962
1966
2478
2482
1971
1979
2492
1983
1984
1985
1986
2495
2500
1993
2507
2520
2526
2020
2030
2542
2543
2033
2549
2550
2551
2040
2553
2043
2556
2045
