1026
1538
1028
1029
1540
1547
526
1551
1554
1557
1047
1048
1049
1559
1563
1570
1059
1571
1572
1584
1074
1075
1589
1078
1079
1086
1600
1603
1604
1605
1608
1609
1610
1612
1613
1614
1617
1107
1620
1621
1110
1622
1116
1117
1632
1125
1126
1637
1128
1639
107
1132
1643
1644
1135
1651
1146
1659
1149
1662
1663
1153
1665
1156
1669
1675
1164
1683
1172
1173
1685
1175
1688
1689
1180
1182
1184
1185
1191
1195
1707
1710
1199
1714
1205
1717
1209
1721
1211
1722
1723
1214
1219
1222
1736
1737
1741
1230
1746
1238
1239
1750
1753
1242
1243
1754
1757
1761
1250
1765
1255
1768
1771
1774
1775
1267
1269
1272
1278
1791
1793
1287
1799
1289
1290
1291
1800
1293
1804
1810
1811
1813
1816
1305
1819
1823
1312
1826
1827
1833
1323
1835
1839
1329
1330
1331
1842
1845
1334
1335
1849
1341
1344
1861
1351
1352
1864
1867
1868
1359
1361
1367
1879
1886
1375
1376
1377
1888
1891
1380
1898
1388
1389
1390
1391
1902
1393
1399
1407
1409
1416
906
907
1420
1422
916
1431
921
925
1437
927
932
934
1447
946
947
1460
952
953
1467
1470
1471
966
967
1483
1485
978
1491
980
982
993
995
997
1509
1513
1004
1516
1006
1517
1520
1522
1524
1528
1017
1530
1535
