1024
1026
1538
1028
1539
1547
1554
1557
1559
1048
1563
1570
1059
1580
1584
1076
1589
1078
1079
1590
1083
1597
1086
1598
1603
1092
1608
1610
1612
1614
1617
1619
1621
1623
1112
1632
1123
1125
1126
1637
107
1132
1653
1146
1149
1662
1663
1153
1668
1163
1683
1172
1689
1181
1182
1184
1185
1700
1707
1196
1199
1712
1714
1717
1207
1209
1721
1211
1730
1735
1736
1737
1741
1746
1238
1750
1752
1753
1242
1243
1757
1761
1250
1255
1768
1267
1782
1272
1791
1793
1287
1799
1289
1800
1804
1810
1302
1816
1305
1819
1823
1312
1826
1827
1833
1835
1836
1839
1330
1331
1846
1849
1339
1344
1352
1867
1868
1361
1365
1367
1879
1369
1370
1886
1375
1376
1377
1888
1390
1391
1902
1398
1399
1402
1405
1416
1420
916
1431
922
925
926
927
1449
1456
947
952
1467
960
966
967
968
1480
1485
1488
1491
991
993
1509
1003
1004
1516
1006
1522
1530
1532
