2560
2059
2574
2575
2064
2069
2073
2074
2586
2078
2590
2591
2593
2084
2088
2600
2090
2601
2602
2604
2607
2103
2615
2108
2624
2625
2118
2630
2121
2123
2124
2131
2136
2139
2140
2142
2654
2655
2150
2172
2184
2190
2201
2206
2212
2218
2220
2229
2233
2240
2253
2266
2271
2275
2276
2278
2290
2306
2308
2309
2324
2331
2339
2340
2348
2352
2369
2374
2376
2381
2387
2395
2410
2423
1912
2428
1917
1918
1938
2460
2464
1962
1971
2484
2492
1983
1984
1985
2495
2500
1993
2507
1997
2520
2521
2539
2030
2542
2033
2549
2552
2553
2043
2556
2046
2559
