2560
2052
2053
2054
2567
2058
2063
2067
2582
2071
2072
2588
2589
2592
2081
2597
2086
2087
2598
1577
2600
2601
2092
2604
2102
2616
2617
2111
2623
2117
2629
2125
2127
2642
2643
2133
2134
2135
2646
2137
2138
2649
2653
2144
2147
2148
2149
2151
2153
2161
2169
2174
2176
2180
2183
136
2187
2189
2191
2196
2198
2199
2203
2211
2218
2223
2224
1718
2232
2234
2239
2240
2241
2247
2249
2254
2259
2266
2267
2268
2279
2282
2283
2285
2289
2294
2302
2303
2319
2325
2328
2330
2332
2333
2338
2343
2345
2347
2351
2372
2379
2383
2384
2387
2393
2394
2396
2398
2399
2409
2414
2417
2419
2420
1912
1916
2428
2429
1920
2434
2436
1926
1932
2445
2449
2451
1940
1941
1942
1945
2458
1947
1948
2461
2463
1955
2468
1959
2471
2472
2473
2475
1964
1465
2489
2491
1981
1985
2498
1994
2508
2509
2510
2511
2512
2002
2516
2010
2526
2019
2533
2537
2026
2031
2032
2543
2547
2038
2039
2555
2047
