2052
2054
2567
2068
2582
2588
2589
2598
2087
1577
2095
2610
2102
2617
2111
2116
2629
2125
2127
2128
2133
2134
2649
2653
2143
2144
2149
2151
2153
2169
2174
2176
2187
2189
2199
2203
2223
2224
1718
2241
2246
2247
2250
2254
2268
2273
2282
2283
2289
2292
2294
2312
2319
2328
2330
2333
2336
2343
2344
2351
2355
2368
2372
2384
2389
2398
2399
2400
2413
2419
1912
1913
1916
1920
2436
2445
1940
1941
1945
1947
2461
2463
1955
2471
1973
2491
2498
2509
2510
2511
2007
2010
2529
2531
2537
2028
2032
2038
2039
2047
