2560
2563
2564
2059
2063
2064
2575
2578
2069
2073
2586
2077
2078
2590
2593
2088
2600
2090
2601
2602
2093
2604
2607
2611
2103
2104
2615
2619
2109
2623
2112
2624
2625
2118
2121
2122
2123
2124
2638
2131
2646
2139
2142
2654
2655
2150
2172
2184
2188
2190
2200
2201
2206
2212
2213
2218
2220
2229
2233
2237
2240
2244
2253
2258
2261
2266
2275
2278
2306
2307
2309
2311
2323
2324
2326
2339
2340
2347
2348
2353
2354
2356
2363
2369
2374
2376
2381
2386
2395
2408
2409
2410
2414
2418
1912
2428
1917
1918
1925
1938
1941
1943
1946
2460
2462
2464
1953
2467
2468
1962
2477
1966
2482
1971
2485
2489
1979
2492
1983
1984
1985
1986
2499
2500
1993
2506
2507
2526
2530
2020
2532
2030
2542
2543
2033
2037
2550
2551
2040
2556
2045
