2054
2567
2057
2572
2062
2063
2068
2071
2072
2075
2592
2081
2597
2598
2087
2599
1577
2603
2101
2102
2110
2111
2117
2125
2132
2133
2134
2135
2138
2652
2143
2149
2153
2161
2169
2174
2183
2187
2191
2194
2196
2199
2203
2215
2221
2223
2232
2235
2243
2250
2254
2264
2268
2274
2279
2280
2282
2283
2285
2289
2292
2293
2302
2315
2319
2325
2328
2333
2336
2338
2344
2347
2351
2372
2384
2385
2390
2394
2396
2420
1912
1920
2434
2436
1926
2438
2445
2451
1941
1945
1947
1948
2465
1955
2471
2479
1970
1465
1981
1985
2498
1987
2501
1994
2508
2509
2510
2511
2002
2003
2007
2533
2537
2026
2543
2032
2039
2042
2555
2047
