1026
1539
1540
1029
1547
1039
1040
1551
1554
1557
1559
1048
1049
1056
1570
1059
1584
1076
1589
1078
1079
1594
1083
1597
1086
1598
1600
1603
1604
1608
1612
1101
1613
1614
1107
1621
1622
1116
1632
1123
1125
1126
1639
1128
1130
107
1135
1146
1662
1663
1153
1665
1156
1668
1669
1160
1675
1164
1683
1173
1685
1175
1689
1181
1182
1184
1185
1707
1199
1712
1714
1205
1717
1211
1730
1735
1736
1230
1746
1238
1750
1754
1761
1255
1768
1267
1269
1782
1271
1272
1789
1791
1280
1793
1795
1285
1799
1288
1800
1291
1809
1810
1813
1302
1816
1305
1823
1312
1826
1827
1832
1833
1835
1839
1329
1330
1843
1845
1334
1335
1336
1849
1339
1341
1351
1352
1867
1868
1359
1361
1877
1367
1370
1886
1376
1377
1888
1380
1898
1388
1389
1390
1399
1402
1409
1420
1431
921
934
1447
1449
1457
946
947
952
953
1467
1470
959
1488
978
1491
982
993
997
1509
1003
1004
1516
1006
1520
1522
1017
1530
1535
