1540
1547
526
1039
1040
1551
1554
1557
1559
1048
1049
1056
1571
1584
1074
1075
1589
1078
1603
1092
1609
1101
1614
1617
1107
1620
1110
1623
1116
1117
1125
1128
107
1662
1688
1689
1185
1191
1707
1199
1714
1205
1722
1211
1723
1214
1730
1219
1222
1736
1230
1753
1754
1761
1256
1768
1269
1791
1793
1287
1800
1289
1290
1291
1813
1816
1312
1827
1835
1839
1329
1842
1331
1845
1335
1849
1341
1351
1879
1376
1377
1888
1388
1902
1393
1399
1407
1409
1420
916
1431
921
1437
932
947
966
1491
982
983
993
1509
999
1006
1519
1522
1528
1017
