1024
1542
1547
1039
1040
1551
1559
1063
1068
1069
1584
1078
1083
1086
1598
1604
1605
1610
1101
1613
1107
1619
1621
1117
1125
1126
1130
107
1132
1652
1662
1663
1153
1665
1156
1668
1160
1163
1172
1685
1175
1689
1185
1707
1199
1712
1714
1205
1207
1723
1736
1741
1746
1238
1757
1256
1768
1271
1280
1793
1285
1288
1289
1800
1804
1810
1813
1816
1826
1832
1833
1839
1330
1331
1336
1351
1352
1868
1367
1879
1370
1886
1888
1380
1898
1388
1900
1390
1391
1399
1402
916
1431
1447
1449
1456
1457
953
959
960
1471
966
1480
1483
972
1488
982
983
995
997
1003
1006
1530
