1539
1029
1551
1553
1554
1557
1047
1559
1056
1570
1577
1580
1584
1074
1078
1590
1084
1604
1605
1608
1609
1610
1613
1620
1117
1124
1637
1126
1639
107
1135
1140
1146
1663
1153
1665
1156
1669
1160
1674
1675
1171
1172
1688
1180
1698
1191
1707
1199
1201
1205
1717
1722
1214
1730
1219
1222
1741
1238
1243
1256
1768
1772
1271
1791
1280
1793
1800
1804
1811
1813
1826
1323
1329
1330
1331
1842
1335
1861
1867
1868
1359
1879
1888
1377
1898
1388
1389
1390
1391
1900
1902
897
1409
913
1431
932
1447
1460
953
1470
1483
1487
995
484
997
998
1509
1517
1519
1520
1522
1527
1534
1535
