1539
1028
526
1551
1554
1557
1559
1048
1049
1563
1056
1570
1059
1584
1074
1076
1589
1078
1079
1590
1086
1600
1603
1608
1609
1612
1101
1613
1617
1620
1621
1116
1117
1637
1126
1639
107
1643
1135
1146
1662
1663
1669
1675
1164
1683
1173
1685
1175
1688
1182
1185
1191
1195
1199
1201
1714
1205
1723
1214
1730
1734
1735
1230
1746
1750
1753
1754
1243
1757
1761
1765
1255
1768
1774
1265
1269
1272
1791
1287
1799
1800
1290
1291
1804
1813
1302
1819
1823
1312
1827
1833
1835
1842
1331
1843
1845
1334
1851
1861
1352
1864
1868
1376
1377
1888
1388
1389
1902
1391
1393
1405
1407
897
1409
1420
916
1431
921
927
932
934
947
1460
1467
1471
967
978
980
993
1509
1513
1516
1519
1522
1528
