2053
2054
2068
2582
2071
2072
2588
2592
2081
2594
2598
2087
1577
2603
2099
2102
2616
2111
2117
2629
2125
2128
2642
2643
2132
2133
2649
2138
2143
2148
2149
2151
2153
2169
2174
2176
2183
2187
2194
2196
2199
2203
2224
1718
2241
2246
2247
2250
2273
2279
2282
2283
2289
2292
2294
2302
2304
2319
2328
2332
2333
2336
2338
2343
2344
2347
2351
2368
2372
2377
2384
2399
2420
1912
1916
1920
1932
1939
1940
1941
1945
2458
1947
1948
2461
2463
1954
2471
2475
2491
2498
2509
2510
2511
2002
2516
2007
2010
2537
2028
2543
2038
2039
2042
2555
2047
