2560
2563
2564
2060
2573
2063
2064
2575
2578
2069
2073
2074
2586
2077
2078
2590
2593
2083
2084
2597
2086
2088
2552
2090
2600
2601
2602
2604
2095
2606
2607
2098
2611
2103
2104
2615
2619
2108
2109
2623
2112
2118
2630
2631
2122
2123
2638
2131
2646
2139
2140
2142
2654
2150
2164
2165
2184
2188
2190
2201
2206
2210
2212
2218
2220
2229
2233
2237
2240
2244
2257
2261
2266
2271
2275
2276
2278
2299
2309
2323
2324
2326
2329
2334
2339
2340
2347
2348
2353
2354
2356
2370
2374
2376
2381
2384
2386
2392
2395
2407
2408
2409
2410
2418
1912
2428
1917
1918
2433
1925
1929
2446
1938
1941
1943
1946
2460
2462
2464
1953
2468
2469
1962
2477
1966
2478
2482
2484
2485
1979
1983
1984
1985
2495
1989
2504
1993
2506
2507
1997
2005
2521
2526
2020
2539
2030
2542
2543
2033
2546
2549
2550
2040
2553
2554
2045
2046
2559
