1539
526
1551
1553
1554
1557
1559
1048
1056
1580
1584
1075
1078
1079
1597
1600
1603
1604
1609
1612
1101
1613
1617
1107
1620
1621
1110
1622
1117
1637
1639
107
1643
1146
1149
1663
1665
1668
1669
1163
1683
1172
1173
1688
1185
1191
1707
1199
1712
1714
1205
1209
1721
1723
1214
1730
1736
1238
1750
1243
1757
1761
1765
1255
1256
1768
1772
1267
1276
1280
1793
1800
1289
1290
1291
1804
1813
1302
1823
1826
1827
1833
1323
1835
1839
1329
1330
1842
1849
1851
1861
1352
1864
1868
1359
1361
1367
1376
1377
1888
1898
1390
1391
1902
1399
1402
897
1409
1416
916
1431
927
934
946
952
953
1467
1470
967
978
1491
983
993
997
1509
1513
1516
1006
1520
1522
1528
