1029
1547
1551
1554
1557
1047
1559
1049
1563
1056
1570
1580
1584
1074
1075
1076
1589
1078
1590
1086
1603
1604
1608
1609
1610
1613
1107
1620
1621
1622
1117
1124
1126
107
1132
1135
1146
1659
1149
1662
1663
1669
1160
1675
1678
1683
1172
1173
1175
1688
1180
1185
1702
1191
1707
1199
1201
1205
1717
1211
1214
1730
1219
1734
1736
1230
1238
1753
1243
1245
1255
1256
1768
1772
1267
1272
1280
1793
1800
1289
1291
1804
1811
1813
1816
1819
1827
1323
1835
1327
1839
1330
1331
1842
1845
1334
1335
1336
1849
1341
1861
1351
1352
1864
1867
1359
1361
1367
1879
1369
1881
1885
1888
1377
1891
1389
1902
1393
1399
906
913
916
1431
921
925
1437
1439
1447
953
1471
966
1487
978
980
1497
997
1509
999
1513
1006
1520
1017
