2560
2561
2563
2564
2059
2573
2574
2064
2069
2073
2074
2586
2078
2590
2591
2593
2083
2084
2088
2552
2090
2600
2601
2093
2602
2095
2604
2606
2611
2103
2615
2108
2109
2624
2625
2115
2118
2630
2121
2123
2124
2638
2131
2646
2139
2140
2142
2654
2655
2150
2154
2164
2165
2172
2184
2188
2190
2200
2201
2206
2213
2218
2220
2229
2233
2237
2240
2244
2257
2261
2266
2271
2275
2278
2290
2299
2307
2309
2311
2323
2324
2329
2331
2339
2340
2347
2348
2352
2354
2363
2369
2370
2374
2376
2381
2386
2395
2404
2408
2409
2410
2414
2418
2423
1912
1918
1938
1941
1943
1946
2460
2462
2464
2467
2469
1962
1966
1971
2484
2485
1979
2492
1983
1984
2495
1986
2499
2500
1989
1993
2506
2507
1997
2005
2526
2020
2021
2532
2536
2030
2542
2543
2033
2546
2549
2550
2551
2040
2553
2554
2043
2045
2046
2559
