2052
2053
2054
2567
2057
2572
2582
2071
2072
2588
2589
2592
2081
2597
2598
2087
1577
2102
2616
2617
2111
2117
2629
2125
2127
2642
2643
2132
2133
2134
2135
2649
2138
2653
2142
2143
2144
2148
2149
2151
2153
2161
2169
2174
2176
2180
2183
136
2187
2189
2191
2194
2196
2198
2199
2203
2215
2223
2224
1718
2232
2239
2241
2243
2247
2249
2254
2259
2266
2267
2268
2279
2280
2282
2283
2285
2289
2293
2294
2302
2305
2319
2328
2330
2332
2333
2338
2343
2344
2347
2351
2366
2368
2372
2379
2384
2385
2394
2398
2417
2419
2420
1912
1920
2434
2436
1926
1932
2445
2451
1940
1941
1945
2458
1947
1948
2461
2463
1954
1955
1959
2471
2472
1465
2491
1981
1985
2498
2501
2502
2508
2509
2510
2511
2002
2516
2519
2010
2533
2537
2026
2028
2543
2032
2547
2038
2039
2042
2555
2047
