1026
1539
1540
1029
1551
1554
1557
1047
1048
1559
1563
1056
1570
1059
1571
1584
1076
1589
1078
1600
1603
1092
1604
1608
1609
1610
1612
1613
1614
1617
1107
1621
1622
1124
1637
1126
107
1643
1146
1149
1662
1663
1153
1156
1160
1675
1173
1685
1182
1184
1185
1191
1195
1707
1199
1714
1205
1717
1211
1214
1730
1222
1734
1741
1230
1746
1752
1753
1243
1757
1761
1255
1768
1269
1272
1791
1793
1799
1800
1290
1804
1811
1813
1302
1823
1827
1833
1323
1835
1329
1330
1842
1845
1334
1344
1861
1352
1359
1361
1365
1367
1375
1376
1377
1888
1891
1898
1389
1902
1391
1399
1409
1420
1431
921
925
927
932
1447
947
1467
1470
1483
978
1491
980
993
997
1509
999
1516
1520
1522
1528
1017
1530
1535
