2052
2053
2054
2062
2068
2582
2071
2072
2075
2588
2592
2081
2594
2598
2087
1577
2603
2101
2102
2616
2617
2110
2111
2117
2629
2125
2637
2128
2642
2132
2133
2138
2652
2149
2151
2153
2155
2161
2163
2169
2176
2180
2183
2187
2196
2198
2199
2221
2222
2224
1718
2235
2241
2243
2246
2247
2250
2254
2264
2273
2274
2282
2283
2294
2304
2319
2327
2328
2333
2336
2338
2343
2345
2347
2355
2377
2384
2390
2394
2396
2399
2415
2419
1912
1916
2432
2434
2436
2438
1939
1940
2451
1945
1947
1948
2461
2463
1954
2468
1959
2471
2475
2479
1970
1981
2498
1987
2501
2509
2511
2512
2002
2003
2516
2519
2010
2537
2029
2032
2555
2047
