1538
1539
1551
1554
1557
1559
1048
1049
1059
1584
1076
1589
1078
1079
1597
1086
1600
1603
1612
1617
1621
1110
1622
1112
1623
1128
1130
107
1132
1644
1659
1149
1662
1663
1665
1683
1172
1688
1689
1181
1184
1185
1707
1198
1199
1714
1717
1209
1721
1211
1730
1735
1736
1737
1230
1746
1752
1242
1761
1250
1255
1771
1267
1269
1789
1278
1791
1793
1795
1799
1800
1289
1290
1291
1302
1819
1823
1312
1827
1833
1835
1329
1844
1849
1339
1340
1341
1344
1352
1867
1367
1879
1375
1376
1377
1888
1390
1391
1902
1399
1416
1420
916
1431
921
925
927
934
946
947
952
1467
978
1491
980
991
993
999
1003
1004
1516
1520
1522
1523
1017
1530
