2053
2054
2567
2062
2072
2075
2589
2592
2081
2597
2598
2087
1577
2603
2101
2102
2617
2110
2111
2117
2629
2125
2127
2643
2132
2649
2652
2148
2153
2161
2169
2174
2180
2183
136
2187
2189
2194
2199
2211
2222
2223
2224
2232
2235
2239
2243
2247
2254
2259
2264
2268
2273
2279
2280
2282
2283
2289
2294
2304
2328
2332
2333
2338
2343
2344
2345
2351
2367
2368
2372
2377
2379
2384
2390
2394
2396
2398
2415
2417
2419
1912
1920
2434
2436
1926
2438
1939
1940
1941
2451
1945
2458
1947
1948
2461
2463
1954
1955
2468
2471
2473
2479
1970
1465
2491
1981
1982
2508
2509
2510
2511
2002
2003
2516
2533
2537
2026
2031
2032
2543
2547
2038
2555
2047
