2560
2563
2055
2059
2574
2063
2064
2578
2073
2586
2077
2078
2590
2593
2088
2601
2090
2602
2604
2093
2607
2611
2613
2615
2104
2619
2108
2109
2623
2624
2625
2115
2118
2121
2123
2638
2139
2140
2142
2150
2154
2165
2172
2188
2190
2194
2200
2201
2206
2212
2218
2220
2229
2233
2240
2244
2253
2258
2266
2271
2275
2276
2278
2290
2306
2307
2309
2324
2331
2339
2340
2347
2354
2359
2363
2369
2374
2395
2410
2414
2423
1912
2428
1917
1918
2433
1925
1929
2446
1938
1943
2460
2462
2464
1953
2467
2468
1962
2477
1971
1979
2492
1983
1984
1985
2495
2500
2504
1993
2506
2507
2005
2020
2536
2030
2542
2543
2033
2546
2037
2551
2040
2045
2559
