2560
2561
2563
2564
2055
2059
2060
2573
2574
2063
2064
2575
2578
2579
2069
2073
2074
2586
2077
2078
2590
2591
2083
2088
2600
2090
2601
2602
2093
2604
2606
2607
2103
2104
2615
2619
2108
2624
2625
2115
2118
2630
2121
2122
2123
2124
2638
2131
2136
2139
2140
2142
2655
2150
2154
2172
2179
2184
2188
2200
2201
2206
2216
2218
2220
2229
2233
2240
2244
2253
2257
2266
2271
2275
2276
2278
2290
2299
2308
2309
2324
2326
2329
2331
2339
2340
2348
2352
2353
2356
2363
2369
2370
2374
2376
2381
2386
2395
2408
2409
2410
2414
2418
2423
1912
2428
1917
2430
2433
2446
1938
1943
1946
2460
2464
2467
2469
1962
1963
1966
2482
1971
2492
1983
1984
1985
1986
2500
2504
1993
2507
2520
2521
2526
2020
2542
2033
2549
2553
2556
2559
