1026
1029
1542
1551
1040
1553
1559
1048
1563
1056
1570
1571
1580
1584
1074
1589
1078
1598
1604
1605
1608
1613
1107
1620
1621
1622
1632
107
1663
1665
1669
1160
1172
1173
1685
1175
1707
1199
1712
1714
1205
1207
1722
1211
1214
1730
1734
1736
1230
1746
1238
1255
1256
1768
1269
1782
1791
1280
1800
1816
1305
1827
1832
1835
1839
1329
1842
1331
1845
1334
1861
1863
1864
1868
1359
1361
1370
1377
1898
1388
1391
1393
1397
897
1420
916
1431
926
932
1444
1447
1458
953
1470
959
960
1483
1488
982
983
993
995
997
1517
1527
1535
