2052
2053
2054
2567
2571
2068
2071
2588
2592
2081
2597
2598
2087
1577
2608
2609
2102
2111
2117
2629
2642
2643
2133
2134
2135
2138
2653
2144
2148
2149
2153
2161
2169
2174
2176
2180
2183
2187
2191
2196
2199
2224
2232
2239
2241
2247
2259
2273
2279
2282
2283
2285
2289
2292
2294
2302
2315
2319
2325
2327
2328
2329
2330
2332
2333
2336
2338
2347
2351
2372
2384
2394
2399
2417
2420
1912
1920
1926
2438
1932
1940
1941
1945
1948
2461
2463
2465
1959
2471
2472
2473
2475
1465
2491
1987
1994
2508
2509
2002
2010
2533
2537
2028
2543
2032
2039
2042
2555
2047
