1539
1540
1029
1544
1547
1551
1554
1557
1559
1049
1563
1054
1570
1572
1584
1075
1076
1589
1078
1079
1086
1598
1600
1603
1610
1612
1613
1617
1107
1620
1621
1110
1622
1112
1623
1632
1126
1128
107
1132
1643
1644
1652
1653
1146
1659
1149
1662
1663
1665
1669
1683
1172
1685
1175
1688
1689
1180
1184
1185
1191
1707
1198
1199
1712
1714
1717
1721
1211
1724
1214
1730
1735
1736
1737
1746
1238
1750
1752
1242
1243
1754
1757
1761
1250
1765
1255
1768
1269
1789
1278
1793
1795
1796
1799
1800
1290
1291
1804
1293
1810
1302
1816
1819
1823
1312
1827
1833
1835
1839
1329
1334
1335
1849
1339
1340
1341
1851
1344
1352
1867
1877
1367
1879
1370
1886
1375
1376
1377
1888
1891
1380
1390
1391
1399
1416
906
1420
1431
921
1435
925
946
947
952
953
1467
1471
960
1488
1491
993
1509
999
1003
1004
1516
1006
1520
1522
1523
1524
1017
1530
1532
