2052
2053
2054
2567
2062
2071
2592
2081
2597
2598
2087
1577
2609
2102
2616
2111
2116
2117
2629
2125
2127
2128
2642
2643
2133
2134
2135
2137
2138
2649
2144
2148
2149
2151
2153
2176
2180
2183
2187
2189
2191
2194
2196
2199
2224
2233
2241
2246
2267
2273
2274
2279
2282
2283
2285
2289
2292
2293
2302
2315
2319
2325
2327
2328
2332
2333
2336
2338
2343
2347
2372
2377
2384
2398
2420
1912
1920
2436
1932
1940
1941
1945
1948
2461
2463
2465
1959
2471
2472
2475
1465
2491
2498
1994
2509
2510
2002
2516
2007
2010
2529
2533
2026
2028
2543
2032
2039
2042
2555
2047
