2052
2053
2054
2055
2567
2057
2065
2068
2581
2071
2592
2081
2597
2598
2087
1577
2609
2102
2111
2117
2629
2125
2127
2128
2642
2643
2133
2134
2135
2138
2653
2143
2148
2149
2153
2169
2180
2183
136
2187
2191
2194
2196
2199
2203
2208
2214
2215
2224
2241
2246
2247
2250
2264
2267
2268
2273
2279
2282
2283
2285
2289
2292
2293
2315
2319
2324
2328
2330
2332
2333
2336
2338
2347
2351
2372
2377
2384
2385
2420
1912
2429
1920
2436
1926
1932
1940
1941
1945
1948
2461
2462
2463
2465
1955
2468
1959
2471
2472
2475
1964
1969
1972
1465
2491
2502
1994
2510
2511
2512
2007
2530
2533
2028
2543
2032
2544
2547
2038
2039
2042
2555
2047
