3076
3082
3088
3093
3101
3106
3107
3113
3115
3116
3120
3132
3140
3145
3146
3150
3152
3154
3169
3170
3172
2661
2662
3177
2668
3182
2674
3191
3198
3201
3203
3204
3206
1684
2712
2713
3224
2715
2716
2719
2720
2723
3239
3240
3247
3252
2742
3258
2748
3261
2751
2753
3267
3272
3274
3275
3277
3280
2770
3288
2781
2783
3297
2787
3299
3302
2793
3313
3320
3321
2812
3330
3332
3335
3337
2828
3341
3342
3344
2833
3345
3347
2836
3351
3353
3355
3360
2849
2859
3378
3380
3386
3391
3396
3397
3406
2901
2904
3416
3421
3422
3434
2936
2937
2939
2951
2973
2976
2984
2989
2992
2996
3002
3017
3027
3038
3049
3051
3060
