2560
2563
2564
2059
2063
2064
2067
2073
2074
2586
2078
2593
2086
2600
2601
2602
2604
2093
2607
2103
2104
2623
2624
2625
2118
2121
2122
2123
2124
2638
2131
2646
2136
2139
2654
2150
2154
2172
2184
2188
2200
2201
2206
2218
2220
2233
2237
2240
2244
2253
2257
2266
2275
2306
2308
2311
2324
2326
2334
2339
2340
2347
2354
2356
2359
2363
2369
2370
2381
2407
2408
2409
2410
2414
2418
2423
1912
2428
2429
2430
2446
1938
1941
1943
1946
2464
1953
2468
2482
1971
1979
2492
1983
1985
1993
2507
2005
2007
2521
2539
2030
2542
2543
2033
2037
2040
2043
2045
