2560
2561
2055
2056
2059
2060
2573
2574
2575
2064
2576
2579
2073
2078
2590
2593
2083
2084
2088
2600
2090
2601
2602
2604
2607
2098
2611
2615
2104
2619
2108
2109
2112
2624
2625
2630
2631
2123
2131
2137
2140
2142
2172
2188
2190
2200
2201
2206
2213
2218
2229
2233
2234
2240
2244
2257
2261
2262
2266
2275
2276
2278
2290
2299
2300
2309
2323
2324
2329
2331
2339
2340
2347
2348
2352
2359
2369
2374
2376
2395
2404
2414
2423
1912
1918
1925
1943
1946
2460
2462
2464
2468
1962
1963
1966
1971
1979
2492
1983
1984
1985
1986
2499
2500
1993
2507
1997
2005
2520
2521
2526
2020
2030
2542
2543
2033
2037
2550
2551
2040
2553
2043
2045
2046
