1026
1539
1028
526
1551
1554
1557
1559
1048
1059
1580
1584
1076
1589
1590
1079
1597
1086
1598
1600
1603
1604
1608
1609
1612
1101
1613
1617
1620
1621
1110
1622
1117
1632
1122
1637
1126
1639
1128
107
1643
1135
1146
1659
1149
1662
1663
1669
1675
1683
1172
1685
1175
1688
1689
1182
1184
1185
1191
1195
1199
1714
1205
1717
1209
1721
1211
1214
1730
1734
1735
1746
1750
1753
1243
1757
1761
1255
1256
1768
1772
1267
1269
1791
1793
1796
1287
1799
1289
1290
1291
1800
1804
1813
1302
1823
1312
1827
1833
1835
1839
1329
1330
1842
1335
1849
1851
1341
1352
1864
1867
1359
1361
1877
1886
1376
1377
1888
1891
1389
1390
1391
1902
1399
1407
1409
1420
916
1431
921
925
927
934
1447
946
947
1460
952
953
1467
1470
1471
967
1484
978
1491
980
1509
1513
1516
1006
1522
1530
1535
