2052
2054
2567
2068
2588
2081
2598
2087
1577
2102
2616
2111
2117
2629
2125
2127
2128
2643
2133
2649
2138
2143
2149
2151
2153
2163
2169
2174
2176
2183
2187
2189
2196
2199
2203
2223
2224
1718
2241
2246
2247
2250
2268
2273
2279
2282
2283
2289
2292
2294
2295
2298
2328
2332
2333
2336
2343
2344
2347
2368
2372
2377
2384
2398
2399
2419
1912
1913
1916
1920
2434
1932
1939
1940
1945
1947
1948
2461
2463
1954
2471
2475
2498
2502
2509
2510
2512
2002
2516
2007
2519
2010
2533
2028
2543
2032
2038
2039
2042
2555
2047
