3082
3094
3097
3101
3102
3113
3115
3116
3120
3124
3132
3145
3146
3150
3151
3152
3154
3169
3171
3172
2661
3185
2674
3187
3198
3201
3204
2694
3206
3214
1684
2715
2716
2719
2722
3235
3239
2730
3247
3252
2742
3256
3258
2747
3265
2754
3267
3270
3274
2765
3277
3280
2770
2778
2780
2781
3296
2785
3297
2787
2793
2796
2802
3316
3320
3330
3335
2831
2832
2833
3344
3347
3349
3351
3357
2849
2853
3365
3380
2869
3381
3386
3391
3397
2901
2904
3416
3419
3429
3434
2939
2980
2991
2992
3006
3016
3021
3034
3035
3038
3049
3050
3051
3070
