2560
2561
2564
2055
2059
2060
2573
2574
2575
2064
2579
2069
2073
2074
2586
2078
2590
2593
2551
2084
2088
2600
2090
2601
2602
2093
2604
2095
2607
2611
2613
2103
2104
2615
2619
2108
2112
2624
2115
2118
2630
2631
2122
2123
2124
2638
2131
2142
2654
2655
2147
2150
2164
2165
2172
2184
2188
2190
2200
2201
2206
2212
2218
2220
2229
2233
2240
2244
2257
2261
2266
2271
2275
2276
2278
2290
2299
2300
2307
2323
2324
2331
2340
2347
2348
2352
2353
2354
2356
2359
2363
2370
2374
2381
2386
2395
2404
2408
2409
2410
2414
2418
1912
2428
1917
1918
2433
1925
1929
2446
1938
1943
1946
2464
2467
2469
1962
2477
1966
2478
2492
1983
1984
1985
1986
2495
2500
1989
2504
2506
2507
2005
2520
2020
2539
2030
2542
2543
2033
2037
2549
2550
2553
2556
2045
2046
2559
