2048
2052
2053
2054
2567
2068
2582
2071
2072
2588
2589
2081
2594
2597
2598
2087
1577
2603
2608
2610
2612
2102
2616
2617
2111
2629
2125
2637
2127
2642
2643
2133
2134
2649
2138
2141
2653
2143
2144
2145
2148
2149
2151
2153
2155
2166
2169
2174
2175
2176
2180
2183
136
2185
2187
2189
2191
2194
2196
2199
2203
2209
2211
2214
2223
2224
1718
2232
2241
2242
2246
2247
2250
2254
2260
2268
2272
2273
2282
2283
2291
2292
2294
2296
2302
2310
2318
2319
2322
2325
2327
2328
2330
2333
2336
2343
2347
2351
2362
2366
2367
2368
2372
2377
2384
2398
2406
2416
2417
2419
1912
2425
1916
1923
2436
1926
2440
1932
2445
2448
2451
1940
1944
1945
1948
2461
2463
1954
1955
1959
2471
2473
2474
2475
1964
1965
1465
2491
2498
1987
2508
2509
2510
2511
2512
2007
2010
2525
2533
2026
2028
2031
2032
2543
2036
2038
2039
2555
2557
2047
