2052
2053
2054
2567
2057
2572
2065
2068
2582
2071
2588
2589
2592
2081
2594
2597
2598
1577
2608
2609
2102
2616
2617
2111
2117
2629
2125
2127
2128
2642
2643
2133
2134
2135
2649
2138
2653
2143
2144
2148
2149
2151
2153
2163
2169
2174
2176
2180
2183
2187
2189
2191
2194
2196
2198
2199
2203
2208
2215
2223
2224
1718
2241
2246
2247
2249
2250
2254
2259
2264
2267
2268
2273
2279
2282
2283
2289
2292
2293
2294
2302
2305
2315
2319
2325
2327
2328
2332
2333
2336
2338
2343
2344
2347
2351
2368
2372
2377
2384
2385
2398
2420
1912
1916
1920
2434
2436
1926
1932
2445
2451
1940
1941
1945
1947
1948
2461
2463
2465
1954
1955
1959
2471
2472
2475
1969
1970
1465
2491
1985
2498
1987
1994
2508
2509
2510
2511
2512
2002
2516
2007
2010
2522
2530
2533
2537
2026
2028
2543
2032
2547
2038
2039
2042
2555
2047
