2052
2053
2054
2567
2068
2582
2071
2072
2588
2589
2592
2081
2594
2597
2598
2087
1577
2608
2099
2101
2102
2616
2617
2111
2629
2125
2127
2642
2643
2132
2133
2134
2137
2138
2649
2653
2143
2144
2148
2149
2151
2153
2174
2180
2183
136
2187
2189
2191
2196
2199
2203
2223
2224
2226
1718
2235
2246
2247
2254
2264
2267
2268
2279
2282
2283
2285
2289
2292
2293
2294
2302
2304
2319
2327
2328
2330
2332
2333
2336
2338
2345
2347
2351
2367
2372
2377
2384
2394
2396
2398
2419
2420
1912
2426
1920
2436
1926
1932
2445
2451
1941
1945
2458
1947
1948
2461
2463
2465
1955
2468
1959
2471
1465
2491
1987
1994
2508
2509
2511
2512
2002
2516
2518
2007
2522
2533
2537
2026
2028
2543
2032
2547
2038
2039
2042
2555
2047
