1024
1542
1547
1039
1040
1551
1556
1559
1059
1063
1069
1584
1078
1083
1086
1598
1600
1091
1603
1604
1605
1610
1612
1101
1613
1107
1619
1621
1123
1124
1125
1126
1130
107
1132
1662
1663
1153
1665
1156
1668
1163
1683
1172
1175
1702
1191
1707
1199
1712
1201
1714
1717
1207
1211
1214
1730
1219
1222
1736
1741
1230
1746
1238
1242
1256
1768
1271
1789
1791
1793
1795
1285
1287
1288
1289
1799
1800
1804
1293
1809
1810
1813
1302
1816
1821
1823
1826
1827
1833
1835
1839
1842
1331
1845
1335
1336
1849
1341
1351
1352
1864
1868
1361
1874
1367
1879
1370
1376
1888
1380
1898
1388
1900
1390
1391
1902
1398
1399
1402
916
1431
1437
1449
1456
946
959
960
1471
966
1480
972
1488
982
983
993
997
999
1516
1522
1017
1530
