2049
2052
2053
2566
2567
2057
2572
2065
2066
2068
2580
2581
2071
2072
2582
2588
2589
2080
2081
2592
2594
2085
2597
2087
2598
1577
2608
2609
2610
2612
2102
2616
2107
2111
2629
2125
2126
2127
2128
2637
2641
2642
2643
2133
2134
2135
2644
2137
2138
2649
2141
2653
2144
2145
2148
2149
2153
2169
2173
2174
2175
2176
2180
2183
2185
2186
2187
2189
2191
2193
2194
2196
2199
2203
2205
2208
2209
2211
2214
2215
2223
2224
2226
2231
2232
2239
2241
2242
2246
2247
2248
2250
2254
2259
2267
2268
2272
2273
2277
2279
2282
2283
2286
2289
2292
2293
2296
2302
2305
2310
2313
2314
2315
2318
2319
2322
2325
2327
2328
2332
2333
2335
2336
2338
2344
2345
2347
2351
2361
2366
2367
2371
2372
2379
2384
2385
2397
2398
2403
2406
2411
2416
2417
2419
2420
1912
2425
1920
1923
2436
1926
1930
1932
2445
1936
1941
2453
1944
1945
2458
1948
2461
2465
2468
1959
2471
2472
2473
2474
1964
2475
1975
1465
1978
2491
1985
2497
1987
2498
1990
2503
1994
2508
2509
2510
2511
2512
2516
2007
2010
2525
2530
2533
2534
2023
2028
2031
2032
2543
2036
2038
2039
2042
2555
2557
