1024
1547
1039
1040
1551
1554
1557
1559
1563
1059
1063
1068
1069
1580
1584
1074
1076
1589
1078
1079
1590
1083
1597
1086
1598
1600
1603
1604
1608
1610
1612
1101
1613
1107
1619
1621
1622
1623
1117
1632
1124
1125
1126
107
1132
1662
1663
1153
1665
1156
1668
1160
1163
1172
1685
1175
1689
1181
1184
1185
1191
1707
1198
1199
1712
1714
1205
1717
1721
1211
1723
1214
1730
1219
1222
1735
1230
1746
1750
1754
1757
1250
1256
1768
1772
1267
1269
1789
1791
1280
1793
1285
1799
1288
1289
1800
1291
1804
1809
1810
1302
1816
1819
1823
1312
1827
1833
1839
1330
1331
1842
1845
1335
1849
1339
1341
1351
1352
1864
1361
1879
1370
1376
1888
1388
1900
1390
1391
1902
1399
1409
1416
1420
916
1431
925
1437
927
1449
1456
946
952
953
1471
960
966
1483
972
1491
982
983
1004
1516
1006
1017
1530
