3076
3079
3082
3100
3101
3102
3106
3111
3113
3116
3118
3120
3132
3140
3145
3152
3157
3170
3172
2661
3182
2672
3185
3186
3188
3191
3194
2684
3199
2687
3201
3204
3206
3209
2701
2707
1684
2708
3225
2716
2719
2720
3239
3240
2733
3252
2742
3258
2748
3261
2753
3267
3272
3274
3277
3280
3281
3287
2778
3291
3298
2787
2793
2796
2797
3321
3332
2823
2828
3344
2833
3345
3347
3350
2840
3353
3355
2846
3360
2853
3367
2863
3377
3378
2869
3381
3386
2875
2881
3396
3397
3403
2894
3406
3422
2914
3434
2936
2937
2950
2973
2976
2989
2991
2992
3005
3017
3021
3035
3038
3039
3051
3060
