2560
2561
2564
2059
2573
2574
2064
2578
2073
2586
2077
2078
2590
2591
2593
2083
2086
2088
2552
2090
2601
2602
2093
2604
2095
2607
2103
2104
2615
2619
2108
2109
2112
2624
2625
2115
2118
2630
2121
2122
2123
2124
2638
2131
2646
2139
2140
2142
2654
2655
2150
2154
2164
2172
2184
2188
2190
2200
2201
2206
2218
2220
2229
2233
2240
2244
2253
2257
2258
2266
2271
2275
2278
2287
2290
2306
2308
2309
2323
2324
2326
2329
2331
2339
2340
2347
2352
2354
2356
2359
2369
2370
2374
2376
2381
2392
2395
2408
2409
2410
2414
2418
2423
1912
2428
1917
1918
2430
2433
1925
2446
1938
1943
1946
2462
2464
2467
2468
1962
1963
1966
2482
1971
2484
2485
1979
2492
1983
1984
1985
2500
2504
1993
2507
2005
2520
2020
2536
2030
2542
2033
2037
2549
2551
2040
2553
2043
2556
2045
2046
2559
