2564
2058
2059
2060
2573
2063
2064
2065
2578
2067
2579
2069
2073
2074
2586
2078
2590
2593
2086
2088
2600
2090
2601
2602
2093
2604
2095
2607
2611
2103
2104
2615
2108
2623
2112
2624
2625
2115
2118
2630
2122
2123
2124
2638
2131
2646
2139
2140
2142
2654
2655
2150
2165
2172
2179
2184
2188
2190
2200
2201
2206
2212
2213
2216
2218
2220
2229
2233
2237
2240
2244
2253
2257
2266
2271
2275
2276
2278
2290
2299
2306
2307
2308
2309
2323
2324
2326
2329
2334
2339
2340
2347
2352
2354
2356
2359
2363
2369
2370
2374
2376
2381
2386
2391
2395
2404
2407
2408
2409
2410
2414
2418
2423
1912
2428
1917
1918
2429
2430
1929
1938
1943
1946
2460
2464
2467
2468
2469
1962
1963
2477
1966
2478
2482
1971
2484
2485
2489
2492
1983
1985
1986
2500
2504
1993
2507
1997
2526
2020
2030
2542
2033
2546
2037
2549
2553
2043
2556
2045
2559
