1024
1547
1551
1040
1554
1557
1559
1059
1571
1580
1584
1076
1589
1078
1079
1590
1597
1086
1598
1600
1603
1604
1610
1612
1101
1613
1107
1619
1621
1622
1623
1124
1125
1126
1130
107
1132
1652
1146
1149
1662
1663
1153
1665
1668
1163
1172
1173
1685
1175
1689
1180
1181
1184
1185
1191
1707
1198
1199
1712
1201
1714
1207
1721
1211
1214
1730
1219
1222
1736
1737
1741
1230
1746
1238
1750
1754
1757
1250
1256
1768
1772
1774
1269
1271
1789
1793
1285
1799
1288
1289
1800
1291
1804
1809
1810
1813
1823
1312
1826
1827
1833
1839
1330
1331
1842
1335
1849
1339
1341
1351
1352
1863
1864
1361
1367
1370
1376
1377
1888
1380
1898
1390
1902
1393
1399
1416
1420
916
1431
925
1447
1456
946
1471
960
966
1480
1483
1488
1491
980
983
999
1004
1516
1006
1522
1017
1530
