1026
1538
1539
1547
1551
1554
1557
1047
1048
1049
1559
1561
1563
1570
1059
1580
1069
1584
1075
1076
1589
1078
1079
1590
1083
1597
1086
1600
1603
1608
1609
1610
1612
1101
1613
1614
1617
1107
1620
1622
1623
1117
1637
1126
1128
107
1132
1643
1135
1652
1146
1659
1149
1662
1663
1153
1155
1668
1669
1163
1675
1683
1172
1685
1175
1689
1181
1184
1185
1191
1195
1707
1199
1201
1714
1717
1718
1721
1211
1730
1222
1734
1735
1736
1741
1230
1746
1750
1752
1753
1243
1757
1761
1765
1255
1256
1768
1267
1269
1782
1789
1791
1793
1287
1288
1799
1800
1291
1804
1293
1809
1810
1813
1302
1305
1819
1823
1312
1826
1827
1833
1323
1835
1839
1329
1330
1842
1334
1335
1849
1339
1341
1351
1352
1867
1868
1361
1367
1879
1886
1375
1376
1377
1888
1891
1380
1389
1390
1391
1902
1399
1409
1417
1420
916
1431
921
925
927
1439
934
1453
1456
1457
946
947
952
953
1467
1471
966
967
1480
1483
1488
978
1491
980
993
1509
999
1513
1004
1516
1006
1520
1522
1523
1017
