1032
1036
1550
1044
1060
1573
1575
1576
1578
1067
1583
1587
1082
1596
1611
1100
1115
1628
1120
1635
1636
1638
1129
107
1647
1655
1148
637
1158
1166
1680
1682
1691
1190
1192
1706
1715
1204
1716
1720
1728
1729
1221
1227
1229
1742
1231
1235
1764
1257
1786
1277
1279
1794
1292
1298
1812
1303
1824
1315
1322
1841
1345
1857
1347
1859
1350
1862
1871
1873
1884
1373
1379
1381
1893
1894
1899
1903
1392
1404
896
1413
902
1423
1426
1429
1432
1436
1448
941
1462
954
957
1473
1475
1479
975
981
1495
988
989
483
1007
1009
1014
1015
1019
1020
1021
