2560
2561
2564
2055
2059
2060
2575
2064
2578
2069
2073
2074
2586
2078
2590
2593
2551
2600
2601
2090
2602
2604
2093
2606
2095
2607
2611
2103
2104
2619
2108
2623
2624
2625
2118
2121
2122
2123
2124
2638
2131
2136
2139
2142
2150
2184
2190
2200
2201
2206
2216
2218
2220
2229
2233
2240
2244
2253
2261
2266
2275
2278
2290
2299
2307
2308
2309
2323
2324
2329
2331
2334
2340
2347
2348
2352
2354
2356
2359
2369
2370
2374
2376
2381
2395
2408
2410
2414
2418
1912
2428
1917
1929
2446
1938
1943
1946
2460
2464
1953
1963
2482
2484
2492
1983
2495
1985
1986
2500
1989
2504
1993
2507
2005
2520
2521
2526
2030
2033
2546
2037
2549
2550
2553
2043
2045
