2560
2563
2564
2055
2056
2059
2060
2573
2063
2064
2575
2576
2579
2069
2073
2074
2586
2078
2590
2593
2083
2084
2086
2088
2552
2090
2600
2601
2093
2602
2095
2604
2606
2098
2607
2611
2103
2615
2108
2109
2112
2624
2625
2115
2118
2630
2631
2122
2123
2124
2638
2131
2136
2140
2142
2654
2655
2147
2150
2154
2164
2165
2172
2179
2188
2190
2200
2201
2206
2210
2212
2213
2216
2218
2220
2229
2233
2234
2237
2240
2244
2257
2258
2266
2271
2275
2276
2278
2290
2299
2300
2308
2309
2311
2323
2324
2326
2331
2339
2340
2347
2350
2352
2354
2359
2363
2369
2370
2374
2376
2386
2387
2391
2392
2393
2395
2407
2409
2410
2414
2418
2423
1912
2428
1917
1918
2433
2446
1938
1943
1946
2460
2467
2468
2469
1962
2477
1966
1971
1979
2492
1983
1984
1985
1986
2495
2499
1989
2500
2504
1993
2506
2507
1997
2005
2520
2526
2539
2030
2542
2033
2037
2549
2550
2040
2553
2554
2043
2045
2046
