1538
1542
1547
1551
1559
1048
1563
1059
1584
1074
1076
1589
1078
1598
1603
1605
1608
1610
1612
1101
1107
1619
1621
1117
1632
1123
1124
1125
1126
1128
107
1132
1663
1153
1665
1668
1683
1172
1685
1184
1185
1702
1707
1199
1712
1714
1207
1721
1211
1214
1730
1219
1222
1734
1735
1736
1230
1746
1750
1242
1761
1250
1255
1256
1267
1789
1799
1800
1291
1804
1810
1816
1305
1821
1823
1826
1827
1833
1835
1839
1842
1331
1845
1334
1335
1340
1351
1352
1864
1361
1367
1879
1370
1886
1376
1377
1888
1380
1898
1390
1391
1393
1399
1416
1420
1431
921
922
1437
1449
947
952
1467
1471
966
1488
1491
983
993
1516
1006
1017
1530
