3075
3077
3082
3086
3087
3097
3100
3103
3106
3107
3118
3120
3150
3154
3159
3162
3168
3171
2662
3176
2665
3191
3196
3198
3203
2692
3207
3214
3219
1684
2711
3224
2713
2716
3233
2724
2728
3240
2730
3241
2735
2739
3252
3253
3259
3263
3264
2758
3274
2768
3285
2775
2779
3291
3295
3299
3313
3321
2813
3330
2825
2829
2830
3342
3344
3345
3346
3353
2844
2845
3359
3360
3366
3379
3391
3397
2892
3404
3406
3410
3411
3412
3415
3421
2914
2921
2947
2955
2984
2989
2990
3001
3002
3007
3016
3017
3018
3019
3020
3034
3038
3051
