2560
2561
2564
2055
2056
2060
2573
2574
2575
2064
2578
2067
2069
2073
2074
2586
2077
2078
2591
2593
2083
2084
2086
2088
2600
2090
2601
2092
2604
2606
2095
2607
2098
2611
2103
2104
2615
2619
2108
2109
2623
2112
2624
2625
2115
2118
2630
2121
2122
2123
2131
2646
2136
2139
2140
2142
2654
2154
2164
2165
2172
2179
2184
2188
2190
2200
2201
2206
2210
2216
2218
2220
2229
2233
2234
2240
2244
2257
2258
2261
2266
2271
2278
2290
2299
2300
2308
2309
2323
2324
2326
2329
2340
2347
2352
2354
2356
2359
2369
2370
2374
2387
2393
2395
2404
2407
2408
2409
2410
2414
2423
1912
2427
2428
1917
2433
1925
1929
2442
2446
1938
1942
1943
1946
2460
2462
2464
2468
1962
2476
2477
1966
2478
2482
1971
2484
2485
2489
1979
2492
1983
1984
1985
1986
2500
1989
2504
1993
2506
2507
1997
2005
2520
2521
2526
2019
2020
2536
2539
2030
2542
2543
2033
2546
2549
2550
2040
2553
2043
2044
2045
2046
2559
