2560
2563
2564
2058
2059
2574
2575
2064
2579
2069
2073
2074
2586
2077
2078
2590
2591
2084
2086
2088
2552
2090
2600
2601
2093
2602
2095
2607
2611
2613
2103
2104
2615
2619
2108
2623
2112
2624
2625
2118
2630
2631
2122
2123
2638
2131
2646
2139
2140
2142
2654
2150
2154
2165
2172
2179
2184
2188
2190
2200
2201
2206
2212
2213
2218
2220
2233
2237
2240
2244
2253
2266
2275
2276
2290
2299
2306
2323
2326
2329
2331
2334
2339
2340
2347
2352
2354
2356
2359
2363
2369
2370
2374
2376
2381
2383
2386
2408
2409
2414
2418
1912
2428
1917
1918
2429
2430
2433
2446
1943
1946
2460
2464
2467
1962
2477
1971
2484
1979
2492
1983
1984
1985
2495
2500
2504
1993
2507
1997
2520
2020
2536
2539
2030
2542
2543
2033
2037
2551
2040
2553
2554
2043
2045
