1026
1539
1028
1029
1551
1554
1557
1047
1048
1559
1563
1570
1059
1584
1076
1589
1078
1079
1590
1086
1600
1603
1604
1608
1609
1612
1101
1613
1617
1620
1621
1110
1622
1116
1117
1632
1124
1637
1126
1639
1128
107
1643
1135
1653
1146
1659
1149
1662
1663
1669
1160
1675
1683
1685
1175
1689
1180
1182
1184
1185
1191
1195
1199
1201
1714
1205
1717
1718
1209
1721
1211
1730
1222
1735
1230
1746
1750
1752
1753
1242
1243
1757
1758
1761
1765
1255
1256
1768
1262
1774
1267
1269
1782
1272
1791
1280
1793
1795
1799
1800
1290
1291
1804
1293
1811
1813
1302
1816
1305
1819
1823
1312
1827
1833
1323
1839
1329
1330
1331
1842
1845
1334
1851
1341
1344
1861
1352
1864
1867
1359
1361
1367
1369
1883
1376
1377
1888
1891
1388
1390
1391
1902
1393
1399
1405
897
1409
1416
1420
916
1431
921
925
926
927
934
1447
946
947
1460
1467
1470
1471
967
1483
1485
978
980
993
997
1509
1513
1003
1004
1516
1006
1520
1522
1523
1528
1535
