1554
1047
1559
1049
1563
1570
1059
1584
1075
1076
1589
1078
1079
1590
1086
1604
1608
1609
1610
1612
1613
1620
1621
1110
1623
1124
1637
1126
1639
107
1643
1135
1146
1659
1662
1663
1669
1160
1675
1173
1688
1182
1185
1191
1201
1714
1209
1721
1211
1723
1214
1730
1222
1735
1230
1746
1753
1754
1761
1765
1768
1267
1269
1791
1799
1800
1290
1804
1811
1813
1827
1833
1323
1835
1329
1330
1842
1334
1849
1861
1351
1352
1867
1885
1376
1377
1888
1902
1399
906
1420
1431
921
925
927
934
1451
946
947
953
967
1483
978
980
1497
993
995
997
1509
1522
1528
1530
