2564
2055
2059
2573
2064
2576
2578
2067
2579
2584
2074
2078
2593
2084
2086
2600
2090
2092
2095
2607
2098
2613
2103
2615
2619
2624
2625
2118
2630
2124
2638
2140
2142
2654
2655
2147
2150
2184
2188
2189
2200
2206
2212
2216
2218
2220
2229
2233
2234
2257
2262
2266
2271
2275
2278
2287
2290
2299
2300
2303
2309
2311
2323
2326
2331
2334
2339
2350
2352
2356
2359
2363
2369
2376
2387
2391
2393
2395
2404
2408
2410
2414
1912
2428
1917
1918
1925
1938
2464
2468
1963
2476
2477
2478
2482
1971
2485
1985
1986
2499
2504
1993
2506
2507
1997
2520
2526
2020
2539
2033
2545
2037
2040
2553
2045
