1026
1538
1028
1551
1554
1559
1048
1563
1570
1059
1584
1076
1589
1078
1086
1603
1092
1612
1613
1617
1618
1107
1621
1622
1632
1124
1126
1128
107
1643
1644
1653
1146
1659
1663
1665
1669
1675
1683
1689
1181
1184
1185
1707
1196
1199
1714
1209
1211
1724
1730
1219
1222
1735
1746
1750
1752
1761
1250
1768
1769
1774
1267
1272
1791
1796
1799
1800
1804
1810
1816
1305
1819
1827
1833
1323
1835
1836
1327
1839
1845
1352
1361
1367
1879
1375
1376
1377
1888
1390
1420
916
925
946
952
1467
967
1485
993
1004
1516
1017
