1024
1539
1554
1557
1559
1049
1563
1054
1059
1572
1584
1075
1076
1589
1078
1079
1083
1597
1600
1091
1603
1610
1612
1101
1613
1614
1621
1622
1623
1112
1632
1126
107
1132
1644
1659
1149
1663
1668
1669
1683
1688
1689
1181
1184
1185
1707
1198
1714
1717
1209
1721
1211
1724
1735
1737
1230
1746
1750
1242
1757
1250
1255
1267
1795
1796
1799
1800
1290
1291
1804
1302
1819
1827
1833
1835
1339
1344
1861
1352
1867
1868
1365
1367
1886
1375
1376
1888
1891
1390
1399
1416
1420
916
1431
925
1456
946
947
952
1471
967
1480
1488
1491
1509
999
1003
1004
1516
1520
1522
1524
1017
1530
