1538
1547
1551
1554
1559
1570
1571
1580
1584
1589
1078
1079
1590
1086
1598
1604
1608
1609
1610
1613
1621
1622
1124
1125
1126
1637
107
1132
1146
1662
1663
1153
1665
1160
1163
1675
1683
1172
1173
1191
1707
1199
1201
1714
1205
1717
1722
1211
1214
1730
1222
1736
1230
1746
1238
1255
1256
1768
1772
1263
1267
1271
1272
1791
1280
1793
1795
1288
1289
1800
1804
1809
1811
1813
1302
1826
1827
1833
1323
1835
1839
1329
1330
1331
1842
1849
1339
1341
1861
1864
1868
1359
1361
1877
1370
1888
1377
1380
1898
1388
1389
1390
1902
1399
1402
1420
1431
1447
1456
953
1470
966
1483
972
1488
978
993
997
1516
1522
1017
1535
