2052
2053
2054
2062
2068
2582
2071
2072
2588
2589
2081
2598
2087
1577
2605
2102
2616
2617
2111
2117
2629
2635
2125
2127
2643
2133
2135
2649
2138
2143
2144
2148
2149
2151
2153
2163
2169
2174
2176
2180
2183
136
2187
2189
2191
2194
2196
2198
2199
2203
2223
1718
2241
2246
2250
2254
2267
2268
2273
2279
2280
2282
2283
2289
2292
2294
2295
2302
2319
2327
2328
2330
2332
2333
2336
2338
2343
2344
2345
2347
2351
2367
2384
2398
2419
2420
1912
1920
2436
1926
1932
2445
2451
1940
1941
1945
2458
1948
2461
2463
2465
1954
1955
2471
2475
2491
2498
2501
2502
2508
2509
2510
2511
2512
2516
2007
2519
2010
2533
2026
2028
2543
2032
2547
2038
2039
2042
2555
2047
