1026
1539
1540
1547
1551
1554
1557
1047
1048
1049
1559
1563
1054
1059
1572
1584
1075
1076
1589
1079
1597
1086
1600
1603
1092
1608
1610
1612
1101
1613
1617
1618
1107
1620
1621
1110
1622
1112
1623
1116
1117
1632
1124
1125
1126
1128
107
1132
1644
1652
1653
1146
1659
1149
1662
1663
1669
1683
1175
1688
1689
1181
1184
1185
1700
1191
1707
1198
1199
1710
1714
1717
1209
1721
1211
1723
1724
1730
1219
1220
1222
1735
1736
1737
1741
1230
1746
1750
1752
1753
1242
1243
1757
1761
1250
1255
1768
1771
1267
1269
1789
1278
1791
1793
1283
1795
1796
1287
1799
1289
1290
1291
1800
1804
1810
1813
1302
1816
1819
1823
1312
1833
1835
1839
1329
1331
1843
1845
1334
1335
1849
1339
1340
1341
1344
1861
1351
1352
1864
1867
1877
1367
1879
1370
1886
1375
1376
1377
1888
1891
1390
1391
1902
1398
1399
1402
1409
1416
906
1420
916
1431
921
1435
925
1437
927
932
934
1447
946
947
952
1467
1471
960
966
967
968
1485
1488
978
1491
980
1498
993
1509
999
1003
1004
1516
1006
1517
1520
1522
1523
1524
1528
1017
1530
1532
