2052
2054
2567
2582
2071
2588
2081
2597
2598
2087
1577
2102
2616
2617
2111
2117
2629
2125
2127
2128
2642
2643
2133
2649
2138
2143
2149
2151
2153
2169
2174
2176
2180
136
2187
2189
2191
2198
2199
2203
2223
2224
1718
2241
2249
2268
2273
2279
2289
2294
2302
2312
2319
2328
2332
2333
2343
2344
2347
2355
2368
2372
2384
2389
2398
2399
2400
2413
2419
1912
1913
1916
1920
2436
2445
1940
1945
1948
2461
2463
1954
1955
1959
2471
2473
2475
1465
2491
2498
2502
2508
2509
2511
2512
2002
2516
2519
2010
2529
2531
2533
2026
2028
2543
2038
2039
2042
2555
2047
