3073
3078
3090
3095
3096
3098
3104
3114
3117
3137
3142
3149
3174
2664
2666
2669
3184
2673
2676
2680
3195
3202
2694
2698
2706
1684
3226
2717
3232
3237
3238
2729
2738
3250
2750
2754
2755
2757
3284
2782
2786
3303
2800
2806
3324
2827
3339
3348
2839
2850
3362
3363
2866
2867
2872
2873
3387
2880
2887
3399
2890
2891
2896
2897
2905
2906
2908
2909
2910
2911
2912
2913
3426
2915
2916
2919
2920
2925
2929
2940
2943
2944
2953
2956
2960
2966
2967
2969
2974
2985
2986
2994
3000
3004
3022
3026
3029
3033
3040
3042
3047
3052
3054
3064
