1024
1539
1542
1547
1040
1556
1557
1559
1571
1068
1580
1584
1589
1078
1083
1086
1598
1091
1603
1604
1605
1608
1610
1101
1613
1614
1107
1619
1621
1622
1117
1123
1125
1126
1130
107
1132
1652
1662
1663
1153
1665
1156
1668
1163
1172
1175
1184
1185
1707
1199
1712
1201
1714
1205
1717
1207
1736
1741
1746
1238
1752
1757
1761
1250
1256
1768
1772
1269
1271
1789
1280
1793
1796
1285
1287
1288
1800
1804
1809
1810
1302
1816
1826
1832
1833
1839
1330
1331
1335
1336
1849
1352
1868
1361
1874
1879
1370
1886
1888
1380
1898
1388
1390
1902
1399
1402
1416
1420
916
1431
925
934
1447
1449
1457
946
953
959
960
1471
966
1480
1483
1488
982
983
997
1516
1006
1524
1017
