1539
1547
1039
1040
1551
1559
1048
1068
1584
1074
1076
1589
1078
1079
1083
1598
1603
1605
1608
1610
1612
1613
1617
1107
1619
1620
1622
1623
1116
1117
1632
1126
107
1132
1652
1662
1663
1153
1665
1156
1160
1163
1172
1173
1685
1175
1180
1184
1185
1191
1707
1199
1201
1714
1205
1209
1721
1211
1722
1730
1220
1222
1736
1741
1230
1746
1238
1754
1256
1768
1269
1271
1789
1280
1793
1287
1288
1800
1804
1293
1809
1302
1816
1823
1826
1827
1835
1839
1329
1330
1843
1845
1849
1339
1341
1861
1352
1864
1867
1868
1361
1367
1879
1370
1376
1377
1888
1380
1388
1390
1902
1393
1399
1402
897
1409
1420
916
1431
932
1447
1456
1457
946
953
1470
1471
960
966
1483
1484
1488
978
980
982
983
995
997
1509
1003
1004
1516
1006
1522
1017
1530
