1024
1028
1547
1556
1557
1562
1059
1584
1589
1078
1590
1597
1086
1598
1603
1092
1610
1612
1614
1617
1107
1619
1621
1622
1112
1123
1125
1126
1128
107
1132
1146
1663
1153
1156
1668
1163
1181
1184
1185
1707
1199
1714
1207
1209
1211
1730
1735
1741
1746
1752
1753
1757
1774
1267
1269
1782
1272
1287
1799
1289
1800
1804
1809
1302
1816
1305
1823
1827
1832
1833
1839
1339
1340
1341
1352
1867
1365
1367
1370
1375
1888
1377
1390
1391
1416
1420
1431
925
1449
1456
946
947
952
1467
1471
966
1480
993
1509
1004
1522
1012
1017
1532
