2560
2564
2055
2059
2060
2063
2064
2575
2578
2069
2073
2074
2586
2077
2078
2590
2593
2083
2086
2088
2600
2090
2601
2602
2093
2604
2095
2098
2611
2615
2104
2108
2623
2112
2624
2625
2118
2630
2122
2123
2124
2638
2131
2139
2142
2654
2655
2150
2164
2172
2184
2188
2190
2200
2201
2206
2210
2213
2216
2218
2220
2229
2233
2237
2240
2244
2253
2258
2261
2266
2271
2275
2276
2278
2287
2299
2306
2308
2309
2323
2324
2326
2329
2331
2334
2340
2347
2348
2352
2354
2356
2359
2363
2369
2370
2374
2376
2381
2386
2395
2404
2407
2408
2409
2410
2414
2418
2423
1912
2428
1917
1918
2430
2433
1929
2446
1938
1941
1943
1946
2460
2464
1953
2468
1962
2477
1966
2482
1971
2489
1979
1983
2495
1985
2500
1989
2504
1993
2506
2507
1997
2526
2020
2539
2030
2543
2037
2550
2551
2554
2043
2556
2045
2046
2559
