1026
1538
1028
1551
1554
1557
1047
1048
1559
1563
1570
1059
1571
1580
1584
1076
1589
1078
1590
1085
1597
1603
1612
1101
1613
1614
1619
1621
1622
1112
1117
1632
1124
1637
1126
1128
107
1135
1146
1659
1149
1663
1665
1155
1669
1675
1683
1172
1175
1689
1182
1184
1185
1195
1707
1714
1717
1721
1211
1730
1735
1736
1230
1746
1237
1238
1750
1752
1753
1243
1761
1250
1765
1255
1768
1772
1269
1782
1272
1795
1796
1799
1800
1290
1291
1813
1305
1819
1823
1312
1827
1833
1835
1839
1329
1330
1331
1334
1846
1341
1352
1864
1867
1361
1365
1367
1879
1369
1886
1376
1377
1888
1891
1380
1390
1391
1902
1399
897
1409
907
1422
1431
921
925
927
932
934
1456
946
947
952
1467
967
1483
1485
1491
993
1509
1513
1003
1004
1516
1520
1522
1523
1017
1530
