1026
1539
1547
1551
1554
1557
1047
1049
1054
1059
1584
1076
1589
1078
1079
1597
1086
1600
1603
1610
1612
1613
1107
1621
1110
1623
1112
1126
107
1132
1643
1644
1653
1146
1659
1663
1683
1172
1688
1689
1181
1184
1185
1707
1198
1199
1714
1717
1209
1211
1724
1730
1736
1741
1230
1746
1750
1239
1752
1243
1250
1255
1269
1791
1795
1796
1799
1800
1290
1804
1813
1816
1819
1827
1833
1835
1331
1335
1849
1340
1341
1344
1352
1867
1367
1879
1375
1376
1377
1888
1390
1902
1399
1416
1420
1431
925
1437
934
1447
946
947
966
967
1480
978
1491
980
993
999
1003
1004
1516
1017
1530
