3073
3078
3084
3085
3090
3098
3104
3108
3129
3135
3142
3149
3153
3158
2669
2673
2676
2679
2680
2681
2683
3195
2689
2694
3213
2706
1684
3220
3226
3232
2729
3243
2738
3257
2749
2750
2754
2755
2757
2761
2763
3284
2777
2782
2786
2789
3301
3303
2800
2806
2810
3324
2815
2827
3339
3348
2839
3362
3363
2854
2862
2864
2867
2872
3387
2877
2880
3394
2887
2896
2897
3417
2906
2907
2910
3426
2916
2917
2919
2920
3433
2925
2927
2928
2929
2931
2940
2943
2945
2953
2956
2960
2966
2969
2974
2978
2981
3000
3004
3022
3023
3025
3026
3056
3064
3065
