1026
1547
1551
1554
1557
1047
1048
1049
1559
1563
1570
1584
1074
1589
1078
1079
1086
1603
1608
1610
1612
1613
1621
1622
1116
1632
1124
1637
1126
1128
107
1643
1644
1146
1659
1662
1663
1669
1675
1164
1683
1685
1175
1689
1182
1185
1191
1195
1707
1199
1714
1717
1209
1721
1211
1730
1222
1734
1230
1746
1750
1239
1753
1242
1243
1761
1765
1768
1774
1775
1267
1269
1782
1272
1793
1795
1800
1290
1804
1813
1305
1823
1312
1827
1833
1323
1835
1839
1329
1842
1331
1845
1334
1344
1861
1351
1352
1361
1874
1367
1879
1376
1377
1888
1891
1902
1393
1399
907
1422
1431
921
925
927
932
934
1449
1460
1467
967
1484
978
1491
993
995
1516
1520
1017
