2560
2564
2059
2573
2064
2576
2579
2069
2073
2586
2077
2078
2590
2591
2593
2083
2084
2088
2552
2090
2601
2602
2093
2604
2607
2098
2611
2103
2104
2615
2619
2108
2109
2112
2624
2625
2115
2118
2630
2121
2123
2124
2638
2131
2137
2139
2140
2142
2654
2655
2150
2164
2172
2184
2201
2206
2210
2212
2213
2216
2218
2220
2229
2233
2237
2240
2244
2253
2266
2271
2275
2276
2278
2290
2300
2306
2307
2309
2323
2324
2326
2331
2334
2339
2340
2347
2348
2352
2353
2354
2356
2363
2369
2374
2376
2381
2386
2395
2408
2409
2410
2414
1912
2428
1917
1918
2429
2430
1925
1929
2446
2449
1938
1941
1943
1946
2462
2464
2467
2468
2469
1962
2476
2477
1966
2478
2482
1971
2492
1983
1984
1985
2499
2500
2504
1993
2506
2507
1997
2520
2526
2020
2030
2542
2543
2033
2037
2549
2550
2040
2553
2043
2556
2045
2559
