2052
2054
2567
2068
2582
2071
2588
2592
2081
2594
2598
2087
1577
2603
2608
2610
2102
2616
2111
2114
2125
2637
2127
2642
2133
2649
2138
2141
2143
2145
2149
2151
2153
2155
2169
2174
2175
2180
2185
2187
2194
2196
2199
2203
2209
2211
2224
1718
2235
2241
2242
2246
2247
2250
2254
2264
2267
2272
2273
2282
2289
2292
2294
2304
2310
2318
2322
2325
2328
2333
2336
2343
2344
2351
2362
2366
2372
2377
2384
2406
2416
2419
1912
2425
1916
1923
1926
1940
2453
1944
1945
2461
2463
1954
2471
2475
1964
1965
2480
1970
2498
2509
2512
2007
2010
2522
2525
2026
2028
2031
2032
2543
2038
2039
2555
2557
2047
