1540
1542
1547
1551
1554
1557
1559
1563
1570
1577
1584
1076
1589
1078
1603
1092
1604
1605
1610
1612
1101
1614
1107
1619
1621
1626
1117
1123
1124
1637
1126
107
1132
1644
1149
1662
1663
1668
1669
1160
1674
1172
1184
1702
1191
1707
1198
1199
1714
1205
1717
1718
1722
1211
1723
1214
1730
1219
1222
1736
1741
1230
1238
1753
1255
1256
1768
1791
1793
1796
1800
1805
1811
1813
1312
1321
1833
1323
1835
1327
1839
1330
1331
1842
1843
1334
1849
1341
1858
1351
1352
1863
1867
1868
1359
1879
1376
1377
1888
1891
1898
1388
1390
1391
1902
1909
1398
1399
1911
1402
897
1409
1420
916
1431
921
1440
1447
1456
946
1458
953
1465
1470
966
967
1488
980
993
995
1509
997
999
1516
1006
1520
1017
