2054
2567
2068
2582
2071
2072
2588
2589
2592
2081
2594
2597
2598
2087
1577
2608
2102
2616
2617
2111
2629
2643
2133
2134
2649
2138
2144
2148
2149
2151
2153
2174
2176
2183
136
2187
2189
2196
2199
2203
2223
2224
1718
2241
2246
2250
2254
2268
2279
2283
2289
2292
2302
2312
2319
2327
2328
2330
2332
2333
2336
2338
2343
2351
2355
2367
2372
2384
2389
2394
2396
2398
2400
2419
1912
1913
1920
2436
1926
1932
2445
2451
1940
1941
1945
2458
2463
1955
2471
2473
1964
1973
2491
2498
2508
2510
2511
2512
2002
2516
2007
2529
2533
2537
2026
2031
2032
2543
2038
2039
2555
2047
