2560
2561
2563
2564
2055
2056
2060
2573
2063
2064
2575
2576
2578
2579
2069
2073
2074
2586
2077
2078
2590
2591
2593
2084
2086
2088
2552
2090
2600
2601
2093
2602
2095
2604
2606
2098
2607
2611
2103
2104
2619
2108
2109
2112
2624
2625
2115
2118
2630
2121
2122
2123
2124
2131
2646
2136
2140
2142
2655
2147
2150
2154
2164
2165
2172
2179
2184
2188
2190
2200
2201
2206
2212
2218
2220
2229
2233
2240
2244
2257
2258
2261
2266
2271
2275
2276
2278
2287
2290
2300
2303
2307
2309
2313
2323
2324
2326
2331
2334
2339
2340
2347
2348
2352
2354
2356
2359
2363
2369
2370
2374
2381
2391
2392
2395
2404
2408
2409
2410
2414
2418
2423
1912
2428
1917
1918
2430
2433
1925
1929
2446
1938
1943
1946
2460
2462
2464
2468
2469
1962
2477
1966
2482
1971
2484
2485
1979
2492
1983
1984
1985
1986
2500
1989
2504
1993
2506
2507
2005
2520
2521
2526
2020
2532
2536
2539
2030
2542
2546
2549
2550
2551
2040
2553
2043
2556
2045
2046
2559
