1026
1028
1551
1557
1559
1054
1566
1570
1059
1575
1584
1076
1589
1078
1079
1597
1086
1599
1600
1603
1092
1608
1610
1612
1101
1613
1614
1621
1622
1637
1126
1639
1128
107
1643
1135
1146
1149
1663
1153
1668
1669
1162
1675
1164
1683
1182
1696
1185
1707
1199
1712
1714
1211
1730
1731
1734
1735
1746
1750
1753
1243
1757
1765
1768
1267
1269
1272
1791
1799
1800
1291
1804
1807
1810
1302
1814
1305
1818
1823
1827
1829
1833
1835
1329
1843
1334
1341
1352
1864
1867
1868
1885
1376
1377
1888
1897
1389
1391
1399
1420
1431
921
934
1447
1456
946
947
952
1467
1471
1491
980
1497
993
1509
1516
1520
1522
1529
1017
