2560
2561
2564
2059
2060
2573
2574
2063
2064
2578
2579
2069
2073
2586
2077
2078
2590
2591
2593
2083
2088
2601
2090
2602
2604
2093
2095
2607
2098
2611
2103
2104
2615
2619
2108
2109
2112
2624
2625
2115
2118
2630
2121
2122
2123
2124
2131
2139
2140
2142
2654
2655
2150
2154
2172
2184
2188
2190
2200
2201
2206
2212
2213
2216
2218
2220
2229
2233
2237
2240
2244
2253
2257
2258
2266
2271
2275
2276
2290
2299
2300
2306
2307
2308
2309
2323
2324
2326
2331
2339
2340
2348
2352
2354
2356
2359
2363
2369
2370
2374
2376
2381
2386
2392
2395
2404
2408
2409
2410
2414
2423
1912
2428
1917
1918
2430
2433
1925
1929
2446
1938
1943
1946
2464
2467
2468
2469
1962
2477
1966
2482
1971
2484
2485
1979
2492
1983
1984
1985
1986
2499
2500
2504
1993
2507
1997
2520
2526
2020
2532
2539
2030
2542
2033
2037
2550
2551
2553
2043
2556
2045
