2048
2560
2052
2053
2054
2567
2057
2065
2581
2582
2071
2072
2588
2592
2081
2597
2598
2087
1577
2603
2609
2102
2616
2617
2111
2117
2629
2125
2127
2128
2642
2643
2132
2133
2134
2135
2649
2138
2653
2143
2144
2148
2149
2151
2153
2161
2169
2174
2176
2180
2183
136
2187
2189
2191
2194
2196
2199
2203
2208
2215
2224
1718
2232
2241
2247
2266
2267
2268
2273
2279
2282
2283
2289
2293
2294
2302
2315
2319
2328
2332
2333
2338
2343
2347
2351
2368
2372
2377
2384
2385
2396
2400
2417
2419
2420
1912
2425
1916
1920
2436
1926
1932
1939
1940
1941
2451
1945
2458
1947
1948
2461
2463
2465
1954
2468
1959
2471
2472
2473
1964
1465
2491
1985
2498
1994
2508
2509
2510
2511
2512
2010
2533
2026
2028
2543
2032
2544
2039
2042
2555
2047
