3073
3078
3084
3085
3090
3096
3098
3104
3108
3119
3137
3142
3149
3158
3166
3174
2664
2666
2669
2676
2680
2683
3195
2689
3202
2694
2698
1684
3220
3226
3234
3237
2738
3257
2750
2754
2755
2756
2757
2763
3284
2777
2782
3301
2800
3324
2815
2827
3339
3348
2839
3363
2862
2864
2866
2867
2872
2873
2874
3387
2877
2880
3400
2890
2897
2905
3417
2909
2910
2911
2912
2913
3426
2915
2916
2919
2920
2927
2929
2940
2943
2944
2956
2960
2966
2981
2985
2986
2988
2993
3000
3004
3014
3022
3023
3026
3033
3040
3044
3047
3052
3054
3056
3064
3065
