1024
1539
1028
1547
1551
1554
1557
1047
1048
1559
1562
1563
1059
1584
1076
1589
1078
1079
1590
1083
1086
1598
1603
1092
1604
1605
1608
1610
1612
1101
1613
1614
1617
1107
1619
1621
1622
1623
1117
1124
1125
1128
107
1132
1643
1146
1659
1149
1662
1663
1153
1665
1156
1668
1669
1163
1675
1678
1683
1173
1685
1175
1689
1184
1185
1191
1195
1196
1707
1198
1199
1712
1201
1714
1717
1718
1207
1721
1211
1730
1222
1735
1736
1737
1741
1746
1752
1753
1242
1243
1754
1757
1761
1250
1765
1255
1256
1768
1267
1269
1782
1271
1272
1278
1280
1793
1799
1288
1289
1800
1291
1804
1809
1810
1813
1302
1816
1305
1819
1821
1823
1826
1827
1833
1323
1835
1836
1327
1839
1329
1330
1331
1842
1843
1335
1336
1849
1339
1341
1344
1351
1352
1867
1868
1361
1367
1879
1370
1886
1375
1376
1377
1888
1380
1898
1390
1391
1902
1909
1399
1402
906
1420
1431
921
925
1439
934
1447
1449
1456
946
947
952
1467
1470
1471
960
966
967
1480
1485
1488
978
1491
980
982
993
1509
999
1003
1516
1006
1520
1522
1523
1017
1535
