2052
2053
2054
2566
2068
2582
2072
2588
2589
2594
2598
2087
1577
2608
2610
2612
2102
2616
2617
2111
2125
2637
2127
2642
2133
2134
2135
2649
2138
2141
2653
2144
2145
2149
2169
2174
2176
2180
2183
136
2185
2186
2187
2189
2198
2199
2203
2209
2211
2215
2223
2224
2226
1718
2232
2239
2241
2242
2250
2254
2259
2267
2268
2277
2279
2283
2285
2289
2296
2302
2318
2319
2322
2325
2327
2330
2336
2343
2345
2366
2367
2372
2379
2384
2398
2406
2416
2417
2419
1912
2425
1920
1923
2436
1926
2445
2451
1944
1945
2458
1948
2463
1955
2471
2473
1964
2491
2498
1987
2508
2509
2510
2511
2512
2007
2525
2533
2031
2032
2543
2039
2555
2047
