2560
2564
2055
2059
2572
2575
2064
2069
2073
2075
2077
2078
2083
2084
2551
2088
2600
2601
2602
2093
2095
2611
2104
2619
2108
2112
2624
2625
2115
2630
2121
2122
2139
2142
2154
2163
2188
2200
2201
2206
2218
2229
2233
2240
2242
2244
2266
2271
2272
2278
2290
2300
2307
2308
2309
2323
2324
2331
2339
2340
2348
2352
2369
2370
2376
2393
2395
2404
1912
2428
2433
2446
1938
1943
1946
2460
2462
2464
2469
1962
1963
1966
1979
2492
2495
1984
1985
1986
2500
2501
1993
2506
2507
2005
2520
2536
2542
2033
2037
2549
2550
2553
2556
2045
2046
2559
