1538
1539
526
1554
1557
1048
1049
1054
1059
1572
1584
1075
1076
1589
1078
1079
1597
1086
1600
1610
1612
1101
1613
1620
1622
1623
1112
1128
107
1132
1644
1652
1653
1659
1663
1683
1175
1688
1181
1184
1185
1707
1198
1199
1714
1717
1209
1721
1211
1724
1730
1735
1736
1746
1750
1752
1242
1250
1255
1768
1771
1789
1278
1791
1795
1796
1799
1800
1290
1291
1804
1810
1827
1833
1835
1839
1339
1340
1341
1344
1352
1877
1367
1879
1886
1375
1376
1377
1888
1390
1399
1431
925
1456
946
947
1467
1471
966
1480
1491
1509
999
1003
1004
1516
1524
1528
1017
1530
1532
