1024
1538
1542
1547
1040
1559
1563
1059
1068
1580
1584
1589
1078
1083
1597
1086
1598
1604
1605
1609
1610
1101
1613
1614
1107
1619
1620
1117
1632
1124
1125
1126
107
1132
1652
1149
1662
1663
1153
1156
1668
1160
1163
1172
1173
1689
1180
1184
1707
1199
1712
1714
1207
1211
1730
1219
1736
1741
1746
1238
1750
1757
1256
1772
1271
1789
1791
1793
1795
1285
1799
1288
1289
1800
1804
1809
1810
1813
1302
1816
1821
1826
1833
1839
1330
1331
1842
1845
1335
1849
1341
1352
1867
1868
1367
1879
1370
1888
1380
1898
1388
1390
1391
1902
1399
1402
1409
1420
916
1431
932
1447
1456
1457
1458
953
960
966
1483
1488
983
995
997
1516
1517
1006
1017
