2564
2059
2573
2574
2578
2579
2069
2073
2586
2078
2590
2593
2083
2084
2088
2600
2090
2602
2093
2607
2098
2611
2103
2615
2619
2108
2109
2556
2112
2624
2625
2118
2630
2123
2124
2131
2139
2142
2655
2150
2172
2188
2190
2200
2201
2206
2210
2212
2218
2220
2229
2233
2240
2244
2253
2257
2266
2271
2275
2278
2290
2299
2300
2309
2323
2324
2331
2334
2339
2340
2347
2348
2356
2369
2374
2386
2404
2407
2410
2423
1912
1917
2449
1942
1943
2454
1946
2460
2464
1953
2468
1966
2482
1979
1983
1984
1985
2495
2499
2500
1989
2504
1993
2506
2520
2526
2020
2542
2543
2546
2551
2040
2553
2044
2045
2046
