2560
2563
2059
2060
2573
2064
2578
2579
2073
2074
2586
2078
2590
2591
2593
2083
2084
2088
2552
2090
2600
2602
2093
2604
2095
2607
2098
2611
2615
2104
2619
2108
2109
2624
2625
2118
2630
2631
2123
2124
2131
2140
2142
2655
2150
2172
2184
2188
2190
2200
2206
2210
2212
2218
2220
2229
2233
2240
2244
2266
2271
2275
2276
2309
2323
2324
2326
2331
2334
2339
2340
2347
2354
2356
2363
2369
2376
2395
2404
2408
2409
2410
2414
2423
1912
1917
1918
1929
2446
1938
1941
1943
1946
2460
2464
1953
2468
1962
2482
1979
2492
1983
1984
1985
1986
2495
2500
1993
2506
2507
2005
2020
2532
2030
2542
2543
2037
2551
2040
2553
2043
2045
2559
