1538
1539
1542
1551
1557
1559
1049
1563
1059
1572
1584
1075
1076
1589
1078
1079
1083
1597
1086
1598
1600
1603
1605
1610
1612
1613
1617
1107
1619
1620
1621
1622
1112
1623
1632
1124
1125
1126
1128
107
1132
1643
1644
1652
1653
1146
1659
1149
1662
1663
1153
1665
1668
1669
1163
1683
1685
1688
1689
1181
1185
1700
1707
1198
1199
1714
1717
1209
1721
1211
1724
1730
1735
1736
1737
1746
1237
1750
1752
1242
1754
1757
1250
1255
1769
1267
1269
1789
1278
1793
1795
1287
1288
1799
1800
1810
1813
1816
1819
1823
1826
1827
1833
1835
1839
1331
1845
1335
1849
1339
1340
1341
1344
1351
1352
1867
1361
1877
1367
1879
1886
1375
1376
1888
1390
1391
1902
1399
1402
1416
906
1420
916
1431
1435
925
1456
946
947
952
1471
966
1488
978
1491
993
1509
999
1003
1004
1516
1520
1522
1523
1524
1017
1530
1532
