2053
2054
2567
2062
2068
2582
2071
2072
2589
2592
2081
2594
2597
2598
2087
1577
2608
2616
2617
2111
2629
2125
2127
2642
2133
2134
2137
2138
2649
2653
2142
2144
2148
2149
2153
2169
2174
2180
2183
136
2187
2189
2199
2223
2224
2241
2243
2247
2250
2254
2259
2268
2279
2283
2285
2289
2293
2319
2327
2328
2336
2338
2347
2351
2372
2384
2385
2399
2401
2419
2420
1912
1920
2436
1926
1932
2445
2451
1941
1945
2458
2461
2463
1955
2468
2471
1964
1465
2490
2491
2496
1988
2501
2508
2510
2511
2512
2518
2007
2533
2026
2542
2543
2032
2547
2038
2555
2047
