2052
2054
2567
2062
2068
2071
2072
2589
2592
2081
2594
2597
2598
2087
1577
2616
2617
2111
2117
2629
2125
2127
2643
2132
2133
2134
2135
2137
2138
2649
2653
2143
2144
2149
2151
2153
2174
2183
136
2187
2189
2191
2194
2196
2198
2199
2203
2223
2224
1718
2241
2250
2254
2268
2279
2282
2283
2289
2292
2293
2302
2312
2315
2328
2330
2333
2336
2338
2343
2344
2347
2351
2355
2372
2384
2394
2398
2400
2419
2420
1912
1913
1920
2436
1926
2445
1939
1940
1941
2451
1945
2458
1947
1948
2461
2463
1955
1959
2471
2475
1973
1465
2491
2496
1985
2498
1994
2508
2510
2511
2512
2002
2516
2007
2529
2533
2026
2543
2032
2038
2039
2047
