1024
1542
1547
1551
1040
1559
1056
1059
1068
1584
1589
1083
1598
1603
1610
1101
1613
1619
1622
1123
1125
1126
1130
107
1132
1652
1662
1663
1153
1665
1668
1163
1707
1199
1714
1717
1207
1211
1214
1736
1746
1238
1757
1761
1250
1256
1267
1271
1789
1791
1793
1796
1285
1287
1288
1800
1291
1804
1809
1302
1816
1823
1832
1833
1839
1846
1335
1336
1849
1339
1341
1351
1352
1863
1868
1879
1370
1888
1380
1898
1390
1391
1398
1399
1409
916
1431
1447
1449
1456
1457
946
1471
960
1480
1488
1491
982
983
997
1003
1516
1006
1522
1017
